          -3  8.98188e-07            0
       -2.99  8.98892e-07  1.39207e-07
       -2.98  9.00972e-07  2.75431e-07
       -2.97    9.044e-07  4.08908e-07
       -2.96   9.0915e-07  5.39852e-07
       -2.95  9.15197e-07  6.68464e-07
       -2.94  9.22519e-07  7.94926e-07
       -2.93  9.31096e-07  9.19406e-07
       -2.92  9.40907e-07  1.04206e-06
       -2.91  9.51937e-07  1.16302e-06
        -2.9  9.64168e-07  1.28241e-06
       -2.89  9.77585e-07  1.40036e-06
       -2.88  9.92175e-07  1.51696e-06
       -2.87  1.00792e-06  1.63231e-06
       -2.86  1.02482e-06  1.74648e-06
       -2.85  1.04285e-06  1.85956e-06
       -2.84  1.06201e-06  1.97159e-06
       -2.83  1.08229e-06  2.08264e-06
       -2.82  1.10367e-06  2.19274e-06
       -2.81  1.12614e-06  2.30194e-06
        -2.8   1.1497e-06  2.41027e-06
       -2.79  1.17435e-06  2.51773e-06
       -2.78  1.20006e-06  2.62436e-06
       -2.77  1.22683e-06  2.73015e-06
       -2.76  1.25466e-06  2.83511e-06
       -2.75  1.28354e-06  2.93924e-06
       -2.74  1.31345e-06  3.04252e-06
       -2.73  1.34439e-06  3.14493e-06
       -2.72  1.37635e-06  3.24647e-06
       -2.71  1.40932e-06  3.34709e-06
        -2.7  1.44329e-06  3.44677e-06
       -2.69  1.47825e-06  3.54548e-06
       -2.68   1.5142e-06  3.64317e-06
       -2.67  1.55111e-06  3.73981e-06
       -2.66  1.58899e-06  3.83534e-06
       -2.65  1.62782e-06  3.92972e-06
       -2.64  1.66759e-06  4.02289e-06
       -2.63  1.70828e-06   4.1148e-06
       -2.62  1.74988e-06  4.20539e-06
       -2.61  1.79239e-06   4.2946e-06
        -2.6  1.83577e-06  4.38236e-06
       -2.59  1.88003e-06   4.4686e-06
       -2.58  1.92515e-06  4.55327e-06
       -2.57   1.9711e-06  4.63629e-06
       -2.56  2.01787e-06  4.71759e-06
       -2.55  2.06545e-06   4.7971e-06
       -2.54  2.11381e-06  4.87474e-06
       -2.53  2.16295e-06  4.95044e-06
       -2.52  2.21282e-06  5.02414e-06
       -2.51  2.26343e-06  5.09575e-06
        -2.5  2.31474e-06  5.16519e-06
       -2.49  2.36673e-06   5.2324e-06
       -2.48  2.41939e-06   5.2973e-06
       -2.47  2.47268e-06  5.35982e-06
       -2.46  2.52658e-06  5.41987e-06
       -2.45  2.58108e-06  5.47739e-06
       -2.44  2.63613e-06  5.53231e-06
       -2.43  2.69172e-06  5.58456e-06
       -2.42  2.74782e-06  5.63406e-06
       -2.41   2.8044e-06  5.68075e-06
        -2.4  2.86144e-06  5.72456e-06
       -2.39  2.91889e-06  5.76543e-06
       -2.38  2.97675e-06  5.80329e-06
       -2.37  3.03496e-06  5.83809e-06
       -2.36  3.09351e-06  5.86976e-06
       -2.35  3.15236e-06  5.89825e-06
       -2.34  3.21147e-06  5.92351e-06
       -2.33  3.27083e-06  5.94548e-06
       -2.32  3.33038e-06  5.96412e-06
       -2.31  3.39011e-06  5.97939e-06
        -2.3  3.44997e-06  5.99123e-06
       -2.29  3.50993e-06  5.99962e-06
       -2.28  3.56996e-06  6.00451e-06
       -2.27  3.63002e-06  6.00588e-06
       -2.26  3.69008e-06  6.00369e-06
       -2.25   3.7501e-06  5.99793e-06
       -2.24  3.81004e-06  5.98856e-06
       -2.23  3.86987e-06  5.97557e-06
       -2.22  3.92955e-06  5.95896e-06
       -2.21  3.98905e-06  5.93869e-06
        -2.2  4.04832e-06  5.91478e-06
       -2.19  4.10734e-06  5.88722e-06
       -2.18  4.16607e-06    5.856e-06
       -2.17  4.22446e-06  5.82114e-06
       -2.16  4.28249e-06  5.78264e-06
       -2.15  4.34012e-06  5.74051e-06
       -2.14   4.3973e-06  5.69477e-06
       -2.13  4.45401e-06  5.64545e-06
       -2.12  4.51021e-06  5.59256e-06
       -2.11  4.56586e-06  5.53614e-06
        -2.1  4.62093e-06  5.47622e-06
       -2.09  4.67539e-06  5.41282e-06
       -2.08  4.72919e-06  5.34601e-06
       -2.07  4.78231e-06   5.2758e-06
       -2.06  4.83471e-06  5.20226e-06
       -2.05  4.88635e-06  5.12544e-06
       -2.04  4.93721e-06  5.04538e-06
       -2.03  4.98726e-06  4.96216e-06
       -2.02  5.03646e-06  4.87581e-06
       -2.01  5.08478e-06  4.78642e-06
          -2  5.13219e-06  4.69405e-06
       -1.99  5.17866e-06  4.59877e-06
       -1.98  5.22416e-06  4.50064e-06
       -1.97  5.26867e-06  4.39976e-06
       -1.96  5.31216e-06   4.2962e-06
       -1.95  5.35459e-06  4.19003e-06
       -1.94  5.39596e-06  4.08135e-06
       -1.93  5.43622e-06  3.97024e-06
       -1.92  5.47536e-06  3.85679e-06
       -1.91  5.51336e-06  3.74109e-06
        -1.9  5.55018e-06  3.62323e-06
       -1.89  5.58582e-06  3.50331e-06
       -1.88  5.62025e-06  3.38142e-06
       -1.87  5.65345e-06  3.25767e-06
       -1.86   5.6854e-06  3.13214e-06
       -1.85  5.71609e-06  3.00495e-06
       -1.84   5.7455e-06  2.87619e-06
       -1.83  5.77362e-06  2.74597e-06
       -1.82  5.80042e-06  2.61438e-06
       -1.81   5.8259e-06  2.48154e-06
        -1.8  5.85005e-06  2.34756e-06
       -1.79  5.87285e-06  2.21252e-06
       -1.78   5.8943e-06  2.07655e-06
       -1.77  5.91439e-06  1.93974e-06
       -1.76   5.9331e-06   1.8022e-06
       -1.75  5.95043e-06  1.66404e-06
       -1.74  5.96638e-06  1.52537e-06
       -1.73  5.98094e-06  1.38628e-06
       -1.72   5.9941e-06  1.24688e-06
       -1.71  6.00587e-06  1.10728e-06
        -1.7  6.01625e-06  9.67574e-07
       -1.69  6.02523e-06  8.27871e-07
       -1.68  6.03281e-06  6.88268e-07
       -1.67  6.03899e-06  5.48866e-07
       -1.66  6.04378e-06  4.09763e-07
       -1.65  6.04719e-06  2.71056e-07
       -1.64  6.04921e-06   1.3284e-07
       -1.63  6.04984e-06 -4.79014e-09
       -1.62  6.04911e-06 -1.41743e-07
       -1.61  6.04701e-06 -2.77928e-07
        -1.6  6.04355e-06 -4.13257e-07
       -1.59  6.03874e-06 -5.47642e-07
       -1.58   6.0326e-06 -6.81001e-07
       -1.57  6.02512e-06  -8.1325e-07
       -1.56  6.01633e-06 -9.44309e-07
       -1.55  6.00624e-06  -1.0741e-06
       -1.54  5.99485e-06 -1.20255e-06
       -1.53  5.98219e-06 -1.32958e-06
       -1.52  5.96826e-06 -1.45513e-06
       -1.51  5.95308e-06 -1.57912e-06
        -1.5  5.93668e-06 -1.70149e-06
       -1.49  5.91905e-06 -1.82217e-06
       -1.48  5.90023e-06 -1.94111e-06
       -1.47  5.88023e-06 -2.05825e-06
       -1.46  5.85907e-06 -2.17354e-06
       -1.45  5.83676e-06 -2.28691e-06
       -1.44  5.81333e-06 -2.39832e-06
       -1.43  5.78879e-06 -2.50773e-06
       -1.42  5.76318e-06 -2.61509e-06
       -1.41  5.73649e-06 -2.72035e-06
        -1.4  5.70877e-06 -2.82349e-06
       -1.39  5.68002e-06 -2.92446e-06
       -1.38  5.65028e-06 -3.02322e-06
       -1.37  5.61956e-06 -3.11976e-06
       -1.36  5.58788e-06 -3.21404e-06
       -1.35  5.55528e-06 -3.30604e-06
       -1.34  5.52176e-06 -3.39572e-06
       -1.33  5.48736e-06 -3.48309e-06
       -1.32   5.4521e-06  -3.5681e-06
       -1.31    5.416e-06 -3.65076e-06
        -1.3  5.37909e-06 -3.73105e-06
       -1.29  5.34138e-06 -3.80896e-06
       -1.28  5.30291e-06 -3.88448e-06
       -1.27  5.26369e-06 -3.95761e-06
       -1.26  5.22376e-06 -4.02834e-06
       -1.25  5.18312e-06 -4.09668e-06
       -1.24  5.14182e-06 -4.16263e-06
       -1.23  5.09987e-06 -4.22618e-06
       -1.22   5.0573e-06 -4.28736e-06
       -1.21  5.01412e-06 -4.34616e-06
        -1.2  4.97037e-06  -4.4026e-06
       -1.19  4.92607e-06 -4.45668e-06
       -1.18  4.88124e-06 -4.50844e-06
       -1.17   4.8359e-06 -4.55787e-06
       -1.16  4.79008e-06   -4.605e-06
       -1.15   4.7438e-06 -4.64986e-06
       -1.14  4.69709e-06 -4.69245e-06
       -1.13  4.64995e-06 -4.73281e-06
       -1.12  4.60243e-06 -4.77096e-06
       -1.11  4.55454e-06 -4.80692e-06
        -1.1  4.50629e-06 -4.84073e-06
       -1.09  4.45772e-06 -4.87242e-06
       -1.08  4.40884e-06   -4.902e-06
       -1.07  4.35968e-06 -4.92953e-06
       -1.06  4.31025e-06 -4.95502e-06
       -1.05  4.26058e-06 -4.97852e-06
       -1.04  4.21068e-06 -5.00006e-06
       -1.03  4.16058e-06 -5.01968e-06
       -1.02  4.11029e-06  -5.0374e-06
       -1.01  4.05983e-06 -5.05328e-06
          -1  4.00922e-06 -5.06735e-06
       -0.99  3.95848e-06 -5.07965e-06
       -0.98  3.90763e-06 -5.09022e-06
       -0.97  3.85668e-06  -5.0991e-06
       -0.96  3.80565e-06 -5.10633e-06
       -0.95  3.75455e-06 -5.11196e-06
       -0.94  3.70341e-06 -5.11603e-06
       -0.93  3.65223e-06 -5.11857e-06
       -0.92  3.60104e-06 -5.11964e-06
       -0.91  3.54984e-06 -5.11928e-06
        -0.9  3.49865e-06 -5.11754e-06
       -0.89  3.44749e-06 -5.11445e-06
       -0.88  3.39636e-06 -5.11006e-06
       -0.87  3.34529e-06 -5.10441e-06
       -0.86  3.29427e-06 -5.09755e-06
       -0.85  3.24334e-06 -5.08953e-06
       -0.84  3.19248e-06 -5.08039e-06
       -0.83  3.14173e-06 -5.07017e-06
       -0.82  3.09108e-06 -5.05892e-06
       -0.81  3.04055e-06 -5.04669e-06
        -0.8  2.99015e-06 -5.03351e-06
       -0.79  2.93988e-06 -5.01942e-06
       -0.78  2.88976e-06 -5.00449e-06
       -0.77  2.83979e-06 -4.98874e-06
       -0.76  2.78998e-06 -4.97222e-06
       -0.75  2.74035e-06 -4.95498e-06
       -0.74  2.69088e-06 -4.93705e-06
       -0.73  2.64161e-06 -4.91848e-06
       -0.72  2.59251e-06 -4.89931e-06
       -0.71  2.54362e-06 -4.87958e-06
        -0.7  2.49492e-06 -4.85934e-06
       -0.69  2.44643e-06 -4.83861e-06
       -0.68  2.39815e-06 -4.81745e-06
       -0.67  2.35008e-06 -4.79589e-06
       -0.66  2.30223e-06 -4.77397e-06
       -0.65   2.2546e-06 -4.75173e-06
       -0.64   2.2072e-06 -4.72921e-06
       -0.63  2.16002e-06 -4.70643e-06
       -0.62  2.11307e-06 -4.68345e-06
       -0.61  2.06635e-06  -4.6603e-06
        -0.6  2.01986e-06   -4.637e-06
       -0.59  1.97361e-06 -4.61361e-06
       -0.58  1.92759e-06 -4.59014e-06
       -0.57  1.88181e-06 -4.56664e-06
       -0.56  1.83626e-06 -4.54313e-06
       -0.55  1.79094e-06 -4.51965e-06
       -0.54  1.74587e-06 -4.49623e-06
       -0.53  1.70102e-06 -4.47291e-06
       -0.52  1.65641e-06  -4.4497e-06
       -0.51  1.61203e-06 -4.42665e-06
        -0.5  1.56787e-06 -4.40378e-06
       -0.49  1.52395e-06 -4.38111e-06
       -0.48  1.48025e-06 -4.35868e-06
       -0.47  1.43678e-06 -4.33652e-06
       -0.46  1.39352e-06 -4.31464e-06
       -0.45  1.35048e-06 -4.29308e-06
       -0.44  1.30766e-06 -4.27186e-06
       -0.43  1.26505e-06   -4.251e-06
       -0.42  1.22264e-06 -4.23053e-06
       -0.41  1.18044e-06 -4.21048e-06
        -0.4  1.13843e-06 -4.19085e-06
       -0.39  1.09662e-06 -4.17168e-06
       -0.38    1.055e-06 -4.15299e-06
       -0.37  1.01356e-06  -4.1348e-06
       -0.36  9.72301e-07 -4.11712e-06
       -0.35  9.31217e-07 -4.09998e-06
       -0.34  8.90302e-07 -4.08339e-06
       -0.33  8.49549e-07 -4.06738e-06
       -0.32  8.08954e-07 -4.05196e-06
       -0.31   7.6851e-07 -4.03714e-06
        -0.3  7.28211e-07 -4.02295e-06
       -0.29  6.88051e-07  -4.0094e-06
       -0.28  6.48023e-07  -3.9965e-06
       -0.27  6.08121e-07 -3.98427e-06
       -0.26  5.68338e-07 -3.97272e-06
       -0.25  5.28667e-07 -3.96187e-06
       -0.24    4.891e-07 -3.95173e-06
       -0.23  4.49632e-07 -3.94231e-06
       -0.22  4.10254e-07 -3.93363e-06
       -0.21   3.7096e-07 -3.92568e-06
        -0.2  3.31741e-07  -3.9185e-06
       -0.19   2.9259e-07 -3.91207e-06
       -0.18  2.53499e-07 -3.90642e-06
       -0.17  2.14461e-07 -3.90156e-06
       -0.16  1.75468e-07 -3.89748e-06
       -0.15  1.36511e-07 -3.89421e-06
       -0.14  9.75838e-08 -3.89174e-06
       -0.13  5.86766e-08 -3.89009e-06
       -0.12   1.9782e-08 -3.88926e-06
       -0.11 -1.91085e-08 -3.88925e-06
        -0.1  -5.8003e-08 -3.89008e-06
       -0.09   -9.691e-08 -3.89174e-06
       -0.08 -1.35838e-07 -3.89424e-06
       -0.07 -1.74795e-07 -3.89759e-06
       -0.06 -2.13789e-07 -3.90178e-06
       -0.05  -2.5283e-07 -3.90683e-06
       -0.04 -2.91926e-07 -3.91272e-06
       -0.03 -3.31085e-07 -3.91948e-06
       -0.02 -3.70315e-07 -3.92708e-06
       -0.01 -4.09627e-07 -3.93555e-06
-1.96752e-14 -4.49026e-07 -3.94487e-06
        0.01 -4.88524e-07 -3.95505e-06
        0.02 -5.28127e-07 -3.96608e-06
        0.03 -5.67846e-07 -3.97797e-06
        0.04 -6.07687e-07 -3.99071e-06
        0.05  -6.4766e-07  -4.0043e-06
        0.06 -6.87773e-07 -4.01874e-06
        0.07 -7.28035e-07 -4.03402e-06
        0.08 -7.68453e-07 -4.05014e-06
        0.09 -8.09038e-07  -4.0671e-06
         0.1 -8.49795e-07 -4.08488e-06
        0.11 -8.90735e-07 -4.10349e-06
        0.12 -9.31865e-07 -4.12292e-06
        0.13 -9.73193e-07 -4.14315e-06
        0.14 -1.01473e-06 -4.16419e-06
        0.15 -1.05648e-06 -4.18603e-06
        0.16 -1.09845e-06 -4.20865e-06
        0.17 -1.14065e-06 -4.23205e-06
        0.18 -1.18309e-06 -4.25621e-06
        0.19 -1.22577e-06 -4.28113e-06
         0.2 -1.26871e-06  -4.3068e-06
        0.21 -1.31191e-06  -4.3332e-06
        0.22 -1.35538e-06 -4.36032e-06
        0.23 -1.39912e-06 -4.38815e-06
        0.24 -1.44314e-06 -4.41668e-06
        0.25 -1.48745e-06 -4.44588e-06
        0.26 -1.53206e-06 -4.47575e-06
        0.27 -1.57697e-06 -4.50626e-06
        0.28 -1.62218e-06 -4.53741e-06
        0.29 -1.66771e-06 -4.56917e-06
         0.3 -1.71357e-06 -4.60153e-06
        0.31 -1.75974e-06 -4.63446e-06
        0.32 -1.80625e-06 -4.66796e-06
        0.33  -1.8531e-06 -4.70199e-06
        0.34 -1.90029e-06 -4.73653e-06
        0.35 -1.94783e-06 -4.77158e-06
        0.36 -1.99573e-06 -4.80709e-06
        0.37 -2.04398e-06 -4.84305e-06
        0.38 -2.09259e-06 -4.87944e-06
        0.39 -2.14156e-06 -4.91622e-06
         0.4 -2.19091e-06 -4.95338e-06
        0.41 -2.24063e-06 -4.99089e-06
        0.42 -2.29073e-06 -5.02871e-06
        0.43 -2.34121e-06 -5.06682e-06
        0.44 -2.39207e-06  -5.1052e-06
        0.45 -2.44331e-06  -5.1438e-06
        0.46 -2.49494e-06 -5.18261e-06
        0.47 -2.54696e-06 -5.22158e-06
        0.48 -2.59937e-06 -5.26069e-06
        0.49 -2.65218e-06 -5.29989e-06
         0.5 -2.70537e-06 -5.33917e-06
        0.51 -2.75896e-06 -5.37848e-06
        0.52 -2.81294e-06 -5.41778e-06
        0.53 -2.86732e-06 -5.45704e-06
        0.54 -2.92208e-06 -5.49622e-06
        0.55 -2.97724e-06 -5.53528e-06
        0.56 -3.03279e-06 -5.57418e-06
        0.57 -3.08872e-06 -5.61289e-06
        0.58 -3.14504e-06 -5.65135e-06
        0.59 -3.20175e-06 -5.68953e-06
         0.6 -3.25884e-06 -5.72738e-06
        0.61  -3.3163e-06 -5.76487e-06
        0.62 -3.37413e-06 -5.80193e-06
        0.63 -3.43234e-06 -5.83854e-06
        0.64  -3.4909e-06 -5.87464e-06
        0.65 -3.54983e-06 -5.91019e-06
        0.66 -3.60911e-06 -5.94513e-06
        0.67 -3.66873e-06 -5.97942e-06
        0.68  -3.7287e-06 -6.01301e-06
        0.69 -3.78899e-06 -6.04585e-06
         0.7 -3.84961e-06 -6.07789e-06
        0.71 -3.91055e-06 -6.10907e-06
        0.72 -3.97179e-06 -6.13935e-06
        0.73 -4.03334e-06 -6.16867e-06
        0.74 -4.09517e-06 -6.19698e-06
        0.75 -4.15728e-06 -6.22422e-06
        0.76 -4.21965e-06 -6.25034e-06
        0.77 -4.28228e-06 -6.27528e-06
        0.78 -4.34516e-06   -6.299e-06
        0.79 -4.40826e-06 -6.32143e-06
         0.8 -4.47159e-06 -6.34251e-06
        0.81 -4.53511e-06  -6.3622e-06
        0.82 -4.59883e-06 -6.38043e-06
        0.83 -4.66272e-06 -6.39715e-06
        0.84 -4.72677e-06  -6.4123e-06
        0.85 -4.79097e-06 -6.42582e-06
        0.86 -4.85529e-06 -6.43765e-06
        0.87 -4.91972e-06 -6.44775e-06
        0.88 -4.98424e-06 -6.45604e-06
        0.89 -5.04884e-06 -6.46248e-06
         0.9 -5.11349e-06   -6.467e-06
        0.91 -5.17818e-06 -6.46956e-06
        0.92 -5.24289e-06 -6.47008e-06
        0.93 -5.30758e-06 -6.46852e-06
        0.94 -5.37226e-06 -6.46483e-06
        0.95 -5.43688e-06 -6.45893e-06
        0.96 -5.50143e-06 -6.45079e-06
        0.97  -5.5659e-06 -6.44034e-06
        0.98 -5.63024e-06 -6.42754e-06
        0.99 -5.69445e-06 -6.41232e-06
           1 -5.75849e-06 -6.39465e-06
        1.01 -5.82234e-06 -6.37446e-06
        1.02 -5.88598e-06  -6.3517e-06
        1.03 -5.94937e-06 -6.32634e-06
        1.04  -6.0125e-06 -6.29831e-06
        1.05 -6.07534e-06 -6.26758e-06
        1.06 -6.13786e-06 -6.23409e-06
        1.07 -6.20002e-06 -6.19781e-06
        1.08 -6.26181e-06  -6.1587e-06
        1.09  -6.3232e-06  -6.1167e-06
         1.1 -6.38415e-06 -6.07179e-06
        1.11 -6.44463e-06 -6.02392e-06
        1.12 -6.50462e-06 -5.97306e-06
        1.13 -6.56409e-06 -5.91917e-06
        1.14 -6.62301e-06 -5.86223e-06
        1.15 -6.68134e-06 -5.80221e-06
        1.16 -6.73905e-06 -5.73907e-06
        1.17 -6.79612e-06  -5.6728e-06
        1.18 -6.85251e-06 -5.60337e-06
        1.19 -6.90819e-06 -5.53075e-06
         1.2 -6.96312e-06 -5.45494e-06
        1.21 -7.01728e-06 -5.37592e-06
        1.22 -7.07064e-06 -5.29367e-06
        1.23 -7.12316e-06 -5.20818e-06
        1.24  -7.1748e-06 -5.11946e-06
        1.25 -7.22555e-06 -5.02748e-06
        1.26 -7.27535e-06 -4.93226e-06
        1.27 -7.32419e-06 -4.83379e-06
        1.28 -7.37203e-06 -4.73209e-06
        1.29 -7.41883e-06 -4.62715e-06
         1.3 -7.46457e-06 -4.51898e-06
        1.31 -7.50921e-06 -4.40762e-06
        1.32 -7.55273e-06 -4.29306e-06
        1.33 -7.59508e-06 -4.17534e-06
        1.34 -7.63623e-06 -4.05447e-06
        1.35 -7.67616e-06 -3.93049e-06
        1.36 -7.71484e-06 -3.80343e-06
        1.37 -7.75223e-06 -3.67332e-06
        1.38 -7.78831e-06  -3.5402e-06
        1.39 -7.82304e-06 -3.40411e-06
         1.4 -7.85639e-06  -3.2651e-06
        1.41 -7.88834e-06 -3.12323e-06
        1.42 -7.91885e-06 -2.97853e-06
        1.43 -7.94791e-06 -2.83108e-06
        1.44 -7.97548e-06 -2.68092e-06
        1.45 -8.00153e-06 -2.52813e-06
        1.46 -8.02604e-06 -2.37276e-06
        1.47 -8.04898e-06  -2.2149e-06
        1.48 -8.07034e-06 -2.05462e-06
        1.49 -8.09008e-06 -1.89199e-06
         1.5 -8.10818e-06  -1.7271e-06
        1.51 -8.12462e-06 -1.56003e-06
        1.52 -8.13938e-06 -1.39088e-06
        1.53 -8.15244e-06 -1.21972e-06
        1.54 -8.16377e-06 -1.04667e-06
        1.55 -8.17337e-06 -8.71813e-07
        1.56 -8.18121e-06 -6.95255e-07
        1.57 -8.18727e-06   -5.171e-07
        1.58 -8.19155e-06 -3.37458e-07
        1.59 -8.19402e-06 -1.56438e-07
         1.6 -8.19468e-06  2.58455e-08
        1.61 -8.19351e-06  2.09277e-07
        1.62 -8.19049e-06  3.93737e-07
        1.63 -8.18563e-06  5.79105e-07
        1.64 -8.17891e-06  7.65256e-07
        1.65 -8.17033e-06  9.52065e-07
        1.66 -8.15987e-06   1.1394e-06
        1.67 -8.14754e-06  1.32714e-06
        1.68 -8.13333e-06  1.51515e-06
        1.69 -8.11724e-06  1.70329e-06
         1.7 -8.09926e-06  1.89143e-06
        1.71 -8.07941e-06  2.07944e-06
        1.72 -8.05767e-06  2.26717e-06
        1.73 -8.03406e-06  2.45449e-06
        1.74 -8.00858e-06  2.64125e-06
        1.75 -7.98124e-06  2.82733e-06
        1.76 -7.95204e-06  3.01257e-06
        1.77 -7.92099e-06  3.19684e-06
        1.78  -7.8881e-06  3.37999e-06
        1.79 -7.85339e-06  3.56189e-06
         1.8 -7.81686e-06   3.7424e-06
        1.81 -7.77854e-06  3.92136e-06
        1.82 -7.73843e-06  4.09866e-06
        1.83 -7.69657e-06  4.27413e-06
        1.84 -7.65295e-06  4.44766e-06
        1.85 -7.60761e-06   4.6191e-06
        1.86 -7.56057e-06  4.78831e-06
        1.87 -7.51185e-06  4.95517e-06
        1.88 -7.46147e-06  5.11954e-06
        1.89 -7.40946e-06  5.28129e-06
         1.9 -7.35584e-06  5.44029e-06
        1.91 -7.30065e-06  5.59643e-06
        1.92 -7.24391e-06  5.74957e-06
        1.93 -7.18566e-06   5.8996e-06
        1.94 -7.12592e-06   6.0464e-06
        1.95 -7.06473e-06  6.18986e-06
        1.96 -7.00212e-06  6.32986e-06
        1.97 -6.93813e-06  6.46631e-06
        1.98  -6.8728e-06  6.59909e-06
        1.99 -6.80615e-06  6.72811e-06
           2 -6.73823e-06  6.85328e-06
        2.01 -6.66909e-06   6.9745e-06
        2.02 -6.59874e-06  7.09168e-06
        2.03 -6.52725e-06  7.20475e-06
        2.04 -6.45465e-06  7.31362e-06
        2.05 -6.38098e-06  7.41822e-06
        2.06 -6.30629e-06  7.51849e-06
        2.07 -6.23061e-06  7.61435e-06
        2.08   -6.154e-06  7.70576e-06
        2.09 -6.07649e-06  7.79266e-06
         2.1 -5.99815e-06    7.875e-06
        2.11 -5.91899e-06  7.95273e-06
        2.12 -5.83909e-06  8.02583e-06
        2.13 -5.75848e-06  8.09425e-06
        2.14 -5.67721e-06  8.15798e-06
        2.15 -5.59532e-06  8.21699e-06
        2.16 -5.51287e-06  8.27126e-06
        2.17 -5.42989e-06  8.32079e-06
        2.18 -5.34645e-06  8.36557e-06
        2.19 -5.26258e-06   8.4056e-06
         2.2 -5.17834e-06  8.44089e-06
        2.21 -5.09376e-06  8.47145e-06
        2.22 -5.00891e-06   8.4973e-06
        2.23 -4.92382e-06  8.51847e-06
        2.24 -4.83854e-06  8.53498e-06
        2.25 -4.75312e-06  8.54686e-06
        2.26  -4.6676e-06  8.55416e-06
        2.27 -4.58204e-06  8.55693e-06
        2.28 -4.49646e-06  8.55521e-06
        2.29 -4.41093e-06  8.54905e-06
         2.3 -4.32548e-06  8.53853e-06
        2.31 -4.24016e-06   8.5237e-06
        2.32 -4.15501e-06  8.50464e-06
        2.33 -4.07007e-06  8.48141e-06
        2.34 -3.98538e-06  8.45411e-06
        2.35 -3.90099e-06  8.42281e-06
        2.36 -3.81692e-06  8.38761e-06
        2.37 -3.73323e-06   8.3486e-06
        2.38 -3.64995e-06  8.30586e-06
        2.39 -3.56712e-06  8.25952e-06
         2.4 -3.48476e-06  8.20967e-06
        2.41 -3.40292e-06  8.15641e-06
        2.42 -3.32163e-06  8.09987e-06
        2.43 -3.24093e-06  8.04015e-06
        2.44 -3.16083e-06  7.97738e-06
        2.45 -3.08138e-06  7.91167e-06
        2.46  -3.0026e-06  7.84316e-06
        2.47 -2.92451e-06  7.77196e-06
        2.48 -2.84716e-06  7.69821e-06
        2.49 -2.77055e-06  7.62204e-06
         2.5 -2.69472e-06  7.54359e-06
        2.51 -2.61968e-06  7.46298e-06
        2.52 -2.54546e-06  7.38036e-06
        2.53 -2.47207e-06  7.29586e-06
        2.54 -2.39954e-06  7.20964e-06
        2.55 -2.32788e-06  7.12182e-06
        2.56  -2.2571e-06  7.03255e-06
        2.57 -2.18723e-06  6.94198e-06
        2.58 -2.11826e-06  6.85025e-06
        2.59 -2.05022e-06   6.7575e-06
         2.6 -1.98311e-06   6.6639e-06
        2.61 -1.91695e-06  6.56957e-06
        2.62 -1.85172e-06  6.47467e-06
        2.63 -1.78745e-06  6.37935e-06
        2.64 -1.72414e-06  6.28376e-06
        2.65 -1.66178e-06  6.18804e-06
        2.66 -1.60037e-06  6.09234e-06
        2.67 -1.53993e-06  5.99681e-06
        2.68 -1.48044e-06  5.90161e-06
        2.69  -1.4219e-06  5.80687e-06
         2.7  -1.3643e-06  5.71275e-06
        2.71 -1.30764e-06  5.61939e-06
        2.72 -1.25191e-06  5.52695e-06
        2.73  -1.1971e-06  5.43558e-06
        2.74  -1.1432e-06  5.34541e-06
        2.75  -1.0902e-06  5.25661e-06
        2.76 -1.03807e-06  5.16932e-06
        2.77 -9.86809e-07  5.08369e-06
        2.78 -9.36396e-07  4.99987e-06
        2.79 -8.86811e-07  4.91802e-06
         2.8 -8.38035e-07  4.83828e-06
        2.81 -7.90046e-07  4.76081e-06
        2.82 -7.42819e-07  4.68576e-06
        2.83  -6.9633e-07   4.6133e-06
        2.84 -6.50553e-07  4.54357e-06
        2.85 -6.05459e-07  4.47674e-06
        2.86 -5.61018e-07  4.41298e-06
        2.87 -5.17199e-07  4.35244e-06
        2.88 -4.73969e-07  4.29531e-06
        2.89 -4.31293e-07  4.24175e-06
         2.9 -3.89134e-07  4.19194e-06
        2.91 -3.47455e-07  4.14607e-06
        2.92 -3.06213e-07  4.10433e-06
        2.93 -2.65368e-07  4.06691e-06
        2.94 -2.24875e-07  4.03402e-06
        2.95 -1.84688e-07  4.00587e-06
        2.96 -1.44757e-07  3.98268e-06
        2.97 -1.05034e-07  3.96467e-06
        2.98  -6.5464e-08   3.9521e-06
        2.99 -2.59919e-08  3.94522e-06
           3  1.34403e-08  3.94428e-06
