          -3  1.60873e-06            0
       -2.99  1.61025e-06  3.01809e-07
       -2.98  1.61477e-06   5.9797e-07
       -2.97  1.62221e-06  8.89072e-07
       -2.96  1.63255e-06  1.17566e-06
       -2.95  1.64573e-06  1.45824e-06
       -2.94  1.66171e-06  1.73728e-06
       -2.93  1.68047e-06  2.01321e-06
       -2.92  1.70198e-06  2.28644e-06
       -2.91   1.7262e-06  2.55732e-06
        -2.9  1.75312e-06   2.8262e-06
       -2.89  1.78272e-06  3.09339e-06
       -2.88  1.81499e-06  3.35916e-06
       -2.87  1.84991e-06  3.62379e-06
       -2.86  1.88747e-06  3.88749e-06
       -2.85  1.92766e-06  4.15047e-06
       -2.84  1.97048e-06  4.41293e-06
       -2.83  2.01592e-06  4.67504e-06
       -2.82  2.06398e-06  4.93692e-06
       -2.81  2.11466e-06  5.19873e-06
        -2.8  2.16795e-06  5.46055e-06
       -2.79  2.22387e-06  5.72248e-06
       -2.78   2.2824e-06  5.98459e-06
       -2.77  2.34356e-06  6.24694e-06
       -2.76  2.40734e-06  6.50957e-06
       -2.75  2.47375e-06   6.7725e-06
       -2.74  2.54279e-06  7.03574e-06
       -2.73  2.61446e-06  7.29929e-06
       -2.72  2.68878e-06  7.56313e-06
       -2.71  2.76573e-06  7.82723e-06
        -2.7  2.84532e-06  8.09154e-06
       -2.69  2.92756e-06  8.35601e-06
       -2.68  3.01244e-06  8.62057e-06
       -2.67  3.09997e-06  8.88514e-06
       -2.66  3.19014e-06  9.14963e-06
       -2.65  3.28296e-06  9.41393e-06
       -2.64  3.37842e-06  9.67794e-06
       -2.63  3.47652e-06  9.94153e-06
       -2.62  3.57725e-06  1.02046e-05
       -2.61  3.68061e-06  1.04669e-05
        -2.6  3.78659e-06  1.07285e-05
       -2.59  3.89518e-06   1.0989e-05
       -2.58  4.00637e-06  1.12484e-05
       -2.57  4.12015e-06  1.15064e-05
       -2.56   4.2365e-06  1.17629e-05
       -2.55  4.35541e-06  1.20178e-05
       -2.54  4.47685e-06  1.22707e-05
       -2.53  4.60082e-06  1.25216e-05
       -2.52  4.72729e-06  1.27702e-05
       -2.51  4.85623e-06  1.30163e-05
        -2.5  4.98761e-06  1.32597e-05
       -2.49  5.12142e-06  1.35002e-05
       -2.48  5.25762e-06  1.37375e-05
       -2.47  5.39617e-06  1.39715e-05
       -2.46  5.53705e-06  1.42019e-05
       -2.45  5.68021e-06  1.44285e-05
       -2.44  5.82562e-06   1.4651e-05
       -2.43  5.97323e-06  1.48693e-05
       -2.42    6.123e-06  1.50831e-05
       -2.41  6.27489e-06  1.52921e-05
        -2.4  6.42884e-06  1.54961e-05
       -2.39  6.58481e-06   1.5695e-05
       -2.38  6.74274e-06  1.58884e-05
       -2.37  6.90258e-06  1.60762e-05
       -2.36  7.06427e-06   1.6258e-05
       -2.35  7.22774e-06  1.64338e-05
       -2.34  7.39294e-06  1.66032e-05
       -2.33   7.5598e-06   1.6766e-05
       -2.32  7.72826e-06  1.69221e-05
       -2.31  7.89825e-06  1.70711e-05
        -2.3  8.06968e-06   1.7213e-05
       -2.29  8.24251e-06  1.73474e-05
       -2.28  8.41663e-06  1.74743e-05
       -2.27  8.59199e-06  1.75933e-05
       -2.26   8.7685e-06  1.77044e-05
       -2.25  8.94608e-06  1.78073e-05
       -2.24  9.12465e-06  1.79018e-05
       -2.23  9.30412e-06  1.79878e-05
       -2.22   9.4844e-06  1.80652e-05
       -2.21  9.66542e-06  1.81337e-05
        -2.2  9.84708e-06  1.81932e-05
       -2.19  1.00293e-05  1.82436e-05
       -2.18  1.02119e-05  1.82847e-05
       -2.17   1.0395e-05  1.83165e-05
       -2.16  1.05783e-05  1.83388e-05
       -2.15  1.07618e-05  1.83515e-05
       -2.14  1.09453e-05  1.83545e-05
       -2.13  1.11288e-05  1.83477e-05
       -2.12  1.13123e-05  1.83311e-05
       -2.11  1.14955e-05  1.83046e-05
        -2.1  1.16784e-05  1.82681e-05
       -2.09  1.18608e-05  1.82216e-05
       -2.08  1.20428e-05   1.8165e-05
       -2.07  1.22241e-05  1.80984e-05
       -2.06  1.24048e-05  1.80217e-05
       -2.05  1.25846e-05  1.79348e-05
       -2.04  1.27635e-05  1.78379e-05
       -2.03  1.29413e-05  1.77309e-05
       -2.02  1.31181e-05  1.76139e-05
       -2.01  1.32936e-05  1.74868e-05
          -2  1.34678e-05  1.73498e-05
       -1.99  1.36406e-05  1.72028e-05
       -1.98  1.38119e-05  1.70461e-05
       -1.97  1.39815e-05  1.68795e-05
       -1.96  1.41495e-05  1.67033e-05
       -1.95  1.43156e-05  1.65175e-05
       -1.94  1.44798e-05  1.63223e-05
       -1.93   1.4642e-05  1.61177e-05
       -1.92  1.48022e-05  1.59038e-05
       -1.91  1.49601e-05  1.56809e-05
        -1.9  1.51158e-05   1.5449e-05
       -1.89  1.52691e-05  1.52084e-05
       -1.88  1.54199e-05  1.49591e-05
       -1.87  1.55683e-05  1.47013e-05
       -1.86   1.5714e-05  1.44353e-05
       -1.85   1.5857e-05  1.41612e-05
       -1.84  1.59972e-05  1.38792e-05
       -1.83  1.61346e-05  1.35895e-05
       -1.82   1.6269e-05  1.32923e-05
       -1.81  1.64004e-05  1.29879e-05
        -1.8  1.65287e-05  1.26764e-05
       -1.79  1.66539e-05  1.23581e-05
       -1.78  1.67759e-05  1.20332e-05
       -1.77  1.68946e-05  1.17019e-05
       -1.76  1.70099e-05  1.13646e-05
       -1.75  1.71219e-05  1.10214e-05
       -1.74  1.72304e-05  1.06726e-05
       -1.73  1.73353e-05  1.03185e-05
       -1.72  1.74367e-05  9.95927e-06
       -1.71  1.75345e-05  9.59524e-06
        -1.7  1.76286e-05  9.22667e-06
       -1.69  1.77191e-05  8.85381e-06
       -1.68  1.78057e-05  8.47695e-06
       -1.67  1.78886e-05  8.09636e-06
       -1.66  1.79676e-05  7.71232e-06
       -1.65  1.80428e-05  7.32509e-06
       -1.64  1.81141e-05  6.93496e-06
       -1.63  1.81815e-05   6.5422e-06
       -1.62   1.8245e-05   6.1471e-06
       -1.61  1.83045e-05  5.74992e-06
        -1.6    1.836e-05  5.35096e-06
       -1.59  1.84115e-05  4.95047e-06
       -1.58   1.8459e-05  4.54874e-06
       -1.57  1.85025e-05  4.14604e-06
       -1.56  1.85419e-05  3.74264e-06
       -1.55  1.85773e-05  3.33881e-06
       -1.54  1.86087e-05  2.93481e-06
       -1.53   1.8636e-05  2.53091e-06
       -1.52  1.86593e-05  2.12737e-06
       -1.51  1.86786e-05  1.72445e-06
        -1.5  1.86938e-05  1.32239e-06
       -1.49   1.8705e-05  9.21454e-07
       -1.48  1.87122e-05  5.21877e-07
       -1.47  1.87155e-05  1.23903e-07
       -1.46  1.87147e-05 -2.72232e-07
       -1.45    1.871e-05 -6.66298e-07
       -1.44  1.87014e-05 -1.05807e-06
       -1.43  1.86889e-05 -1.44732e-06
       -1.42  1.86724e-05 -1.83384e-06
       -1.41  1.86522e-05 -2.21742e-06
        -1.4  1.86281e-05 -2.59785e-06
       -1.39  1.86002e-05 -2.97494e-06
       -1.38  1.85686e-05 -3.34849e-06
       -1.37  1.85332e-05 -3.71832e-06
       -1.36  1.84942e-05 -4.08425e-06
       -1.35  1.84516e-05 -4.44611e-06
       -1.34  1.84053e-05 -4.80372e-06
       -1.33  1.83555e-05 -5.15693e-06
       -1.32  1.83022e-05 -5.50559e-06
       -1.31  1.82454e-05 -5.84955e-06
        -1.3  1.81852e-05 -6.18866e-06
       -1.29  1.81216e-05  -6.5228e-06
       -1.28  1.80547e-05 -6.85184e-06
       -1.27  1.79846e-05 -7.17566e-06
       -1.26  1.79112e-05 -7.49415e-06
       -1.25  1.78347e-05  -7.8072e-06
       -1.24  1.77551e-05 -8.11471e-06
       -1.23  1.76724e-05 -8.41659e-06
       -1.22  1.75867e-05 -8.71276e-06
       -1.21  1.74981e-05 -9.00313e-06
        -1.2  1.74067e-05 -9.28764e-06
       -1.19  1.73124e-05 -9.56622e-06
       -1.18  1.72153e-05 -9.83881e-06
       -1.17  1.71156e-05 -1.01054e-05
       -1.16  1.70132e-05 -1.03658e-05
       -1.15  1.69083e-05 -1.06202e-05
       -1.14  1.68008e-05 -1.08684e-05
       -1.13  1.66909e-05 -1.11104e-05
       -1.12  1.65786e-05 -1.13462e-05
       -1.11   1.6464e-05 -1.15757e-05
        -1.1  1.63471e-05 -1.17991e-05
       -1.09   1.6228e-05 -1.20162e-05
       -1.08  1.61068e-05 -1.22271e-05
       -1.07  1.59835e-05 -1.24318e-05
       -1.06  1.58581e-05 -1.26303e-05
       -1.05  1.57309e-05 -1.28226e-05
       -1.04  1.56017e-05 -1.30088e-05
       -1.03  1.54707e-05 -1.31888e-05
       -1.02  1.53379e-05 -1.33627e-05
       -1.01  1.52034e-05 -1.35306e-05
          -1  1.50673e-05 -1.36924e-05
       -0.99  1.49296e-05 -1.38483e-05
       -0.98  1.47903e-05 -1.39983e-05
       -0.97  1.46496e-05 -1.41424e-05
       -0.96  1.45075e-05 -1.42807e-05
       -0.95   1.4364e-05 -1.44133e-05
       -0.94  1.42192e-05 -1.45403e-05
       -0.93  1.40732e-05 -1.46616e-05
       -0.92   1.3926e-05 -1.47775e-05
       -0.91  1.37777e-05 -1.48879e-05
        -0.9  1.36282e-05 -1.49929e-05
       -0.89  1.34778e-05 -1.50927e-05
       -0.88  1.33264e-05 -1.51873e-05
       -0.87  1.31741e-05 -1.52768e-05
       -0.86  1.30208e-05 -1.53613e-05
       -0.85  1.28668e-05 -1.54408e-05
       -0.84   1.2712e-05 -1.55156e-05
       -0.83  1.25565e-05 -1.55857e-05
       -0.82  1.24003e-05 -1.56511e-05
       -0.81  1.22435e-05  -1.5712e-05
        -0.8  1.20861e-05 -1.57685e-05
       -0.79  1.19281e-05 -1.58207e-05
       -0.78  1.17697e-05 -1.58687e-05
       -0.77  1.16107e-05 -1.59126e-05
       -0.76  1.14514e-05 -1.59526e-05
       -0.75  1.12917e-05 -1.59886e-05
       -0.74  1.11316e-05 -1.60209e-05
       -0.73  1.09713e-05 -1.60496e-05
       -0.72  1.08106e-05 -1.60746e-05
       -0.71  1.06498e-05 -1.60963e-05
        -0.7  1.04887e-05 -1.61146e-05
       -0.69  1.03275e-05 -1.61298e-05
       -0.68  1.01661e-05 -1.61418e-05
       -0.67  1.00047e-05 -1.61509e-05
       -0.66  9.84311e-06  -1.6157e-05
       -0.65  9.68151e-06 -1.61605e-05
       -0.64   9.5199e-06 -1.61612e-05
       -0.63  9.35829e-06 -1.61595e-05
       -0.62  9.19671e-06 -1.61553e-05
       -0.61  9.03518e-06 -1.61487e-05
        -0.6  8.87374e-06   -1.614e-05
       -0.59  8.71238e-06 -1.61292e-05
       -0.58  8.55115e-06 -1.61164e-05
       -0.57  8.39006e-06 -1.61017e-05
       -0.56  8.22912e-06 -1.60852e-05
       -0.55  8.06835e-06  -1.6067e-05
       -0.54  7.90778e-06 -1.60473e-05
       -0.53  7.74741e-06 -1.60261e-05
       -0.52  7.58726e-06 -1.60035e-05
       -0.51  7.42734e-06 -1.59797e-05
        -0.5  7.26766e-06 -1.59547e-05
       -0.49  7.10824e-06 -1.59286e-05
       -0.48  6.94909e-06 -1.59015e-05
       -0.47  6.79021e-06 -1.58735e-05
       -0.46  6.63162e-06 -1.58448e-05
       -0.45  6.47332e-06 -1.58154e-05
       -0.44  6.31531e-06 -1.57853e-05
       -0.43  6.15761e-06 -1.57547e-05
       -0.42  6.00022e-06 -1.57237e-05
       -0.41  5.84314e-06 -1.56923e-05
        -0.4  5.68637e-06 -1.56607e-05
       -0.39  5.52992e-06 -1.56289e-05
       -0.38  5.37379e-06 -1.55969e-05
       -0.37  5.21799e-06 -1.55649e-05
       -0.36   5.0625e-06  -1.5533e-05
       -0.35  4.90732e-06 -1.55012e-05
       -0.34  4.75247e-06 -1.54696e-05
       -0.33  4.59793e-06 -1.54382e-05
       -0.32  4.44371e-06 -1.54071e-05
       -0.31  4.28979e-06 -1.53764e-05
        -0.3  4.13618e-06 -1.53462e-05
       -0.29  3.98287e-06 -1.53165e-05
       -0.28  3.82985e-06 -1.52874e-05
       -0.27  3.67712e-06 -1.52589e-05
       -0.26  3.52467e-06 -1.52311e-05
       -0.25   3.3725e-06  -1.5204e-05
       -0.24  3.22059e-06 -1.51777e-05
       -0.23  3.06894e-06 -1.51523e-05
       -0.22  2.91754e-06 -1.51277e-05
       -0.21  2.76639e-06 -1.51041e-05
        -0.2  2.61546e-06 -1.50815e-05
       -0.19  2.46476e-06 -1.50599e-05
       -0.18  2.31426e-06 -1.50393e-05
       -0.17  2.16397e-06 -1.50198e-05
       -0.16  2.01387e-06 -1.50015e-05
       -0.15  1.86394e-06 -1.49843e-05
       -0.14  1.71418e-06 -1.49684e-05
       -0.13  1.56457e-06 -1.49536e-05
       -0.12  1.41511e-06 -1.49401e-05
       -0.11  1.26577e-06 -1.49279e-05
        -0.1  1.11655e-06 -1.49169e-05
       -0.09  9.67434e-07 -1.49073e-05
       -0.08  8.18406e-07  -1.4899e-05
       -0.07  6.69453e-07 -1.48921e-05
       -0.06  5.20563e-07 -1.48865e-05
       -0.05  3.71722e-07 -1.48824e-05
       -0.04  2.22916e-07 -1.48796e-05
       -0.03  7.41311e-08 -1.48782e-05
       -0.02  -7.4647e-08 -1.48782e-05
       -0.01 -2.23432e-07 -1.48796e-05
-1.96752e-14 -3.72239e-07 -1.48824e-05
        0.01  -5.2108e-07 -1.48866e-05
        0.02 -6.69971e-07 -1.48922e-05
        0.03 -8.18925e-07 -1.48993e-05
        0.04 -9.67956e-07 -1.49077e-05
        0.05 -1.11708e-06 -1.49175e-05
        0.06 -1.26631e-06 -1.49287e-05
        0.07 -1.41565e-06 -1.49412e-05
        0.08 -1.56513e-06 -1.49551e-05
        0.09 -1.71475e-06 -1.49703e-05
         0.1 -1.86454e-06 -1.49868e-05
        0.11 -2.01449e-06 -1.50046e-05
        0.12 -2.16463e-06 -1.50237e-05
        0.13 -2.31496e-06  -1.5044e-05
        0.14 -2.46551e-06 -1.50655e-05
        0.15 -2.61627e-06 -1.50882e-05
        0.16 -2.76727e-06  -1.5112e-05
        0.17 -2.91852e-06  -1.5137e-05
        0.18 -3.07001e-06  -1.5163e-05
        0.19 -3.22178e-06 -1.51901e-05
         0.2 -3.37382e-06 -1.52182e-05
        0.21 -3.52614e-06 -1.52472e-05
        0.22 -3.67876e-06 -1.52771e-05
        0.23 -3.83168e-06 -1.53079e-05
        0.24 -3.98492e-06 -1.53396e-05
        0.25 -4.13847e-06 -1.53719e-05
        0.26 -4.29236e-06  -1.5405e-05
        0.27 -4.44657e-06 -1.54388e-05
        0.28 -4.60113e-06 -1.54731e-05
        0.29 -4.75604e-06  -1.5508e-05
         0.3 -4.91129e-06 -1.55434e-05
        0.31  -5.0669e-06 -1.55792e-05
        0.32 -5.22288e-06 -1.56153e-05
        0.33 -5.37921e-06 -1.56517e-05
        0.34 -5.53591e-06 -1.56884e-05
        0.35 -5.69298e-06 -1.57251e-05
        0.36 -5.85041e-06  -1.5762e-05
        0.37 -6.00822e-06 -1.57988e-05
        0.38 -6.16639e-06 -1.58356e-05
        0.39 -6.32493e-06 -1.58722e-05
         0.4 -6.48383e-06 -1.59085e-05
        0.41  -6.6431e-06 -1.59445e-05
        0.42 -6.80272e-06 -1.59802e-05
        0.43  -6.9627e-06 -1.60153e-05
        0.44 -7.12303e-06 -1.60498e-05
        0.45  -7.2837e-06 -1.60837e-05
        0.46  -7.4447e-06 -1.61168e-05
        0.47 -7.60603e-06  -1.6149e-05
        0.48 -7.76768e-06 -1.61803e-05
        0.49 -7.92964e-06 -1.62105e-05
         0.5 -8.09189e-06 -1.62396e-05
        0.51 -8.25443e-06 -1.62674e-05
        0.52 -8.41724e-06 -1.62939e-05
        0.53 -8.58031e-06 -1.63189e-05
        0.54 -8.74362e-06 -1.63424e-05
        0.55 -8.90715e-06 -1.63642e-05
        0.56  -9.0709e-06 -1.63842e-05
        0.57 -9.23484e-06 -1.64024e-05
        0.58 -9.39895e-06 -1.64185e-05
        0.59 -9.56321e-06 -1.64326e-05
         0.6  -9.7276e-06 -1.64445e-05
        0.61  -9.8921e-06 -1.64541e-05
        0.62 -1.00567e-05 -1.64612e-05
        0.63 -1.02213e-05 -1.64658e-05
        0.64  -1.0386e-05 -1.64677e-05
        0.65 -1.05507e-05 -1.64669e-05
        0.66 -1.07153e-05 -1.64631e-05
        0.67 -1.08799e-05 -1.64564e-05
        0.68 -1.10445e-05 -1.64466e-05
        0.69 -1.12089e-05 -1.64335e-05
         0.7 -1.13731e-05 -1.64171e-05
        0.71 -1.15372e-05 -1.63972e-05
        0.72 -1.17011e-05 -1.63738e-05
        0.73 -1.18647e-05 -1.63466e-05
        0.74  -1.2028e-05 -1.63157e-05
        0.75  -1.2191e-05 -1.62808e-05
        0.76 -1.23536e-05 -1.62419e-05
        0.77 -1.25158e-05 -1.61988e-05
        0.78 -1.26776e-05 -1.61515e-05
        0.79 -1.28389e-05 -1.60998e-05
         0.8 -1.29996e-05 -1.60437e-05
        0.81 -1.31597e-05 -1.59829e-05
        0.82 -1.33193e-05 -1.59174e-05
        0.83 -1.34781e-05 -1.58472e-05
        0.84 -1.36362e-05  -1.5772e-05
        0.85 -1.37935e-05 -1.56918e-05
        0.86   -1.395e-05 -1.56066e-05
        0.87 -1.41057e-05 -1.55161e-05
        0.88 -1.42604e-05 -1.54203e-05
        0.89 -1.44141e-05 -1.53191e-05
         0.9 -1.45667e-05 -1.52124e-05
        0.91 -1.47183e-05 -1.51002e-05
        0.92 -1.48687e-05 -1.49823e-05
        0.93  -1.5018e-05 -1.48586e-05
        0.94 -1.51659e-05 -1.47291e-05
        0.95 -1.53125e-05 -1.45938e-05
        0.96 -1.54578e-05 -1.44525e-05
        0.97 -1.56016e-05 -1.43051e-05
        0.98 -1.57439e-05 -1.41517e-05
        0.99 -1.58846e-05  -1.3992e-05
           1 -1.60237e-05 -1.38262e-05
        1.01 -1.61612e-05 -1.36541e-05
        1.02 -1.62968e-05 -1.34757e-05
        1.03 -1.64307e-05  -1.3291e-05
        1.04 -1.65626e-05 -1.30998e-05
        1.05 -1.66927e-05 -1.29023e-05
        1.06 -1.68207e-05 -1.26983e-05
        1.07 -1.69466e-05 -1.24878e-05
        1.08 -1.70704e-05 -1.22708e-05
        1.09  -1.7192e-05 -1.20473e-05
         1.1 -1.73114e-05 -1.18173e-05
        1.11 -1.74284e-05 -1.15808e-05
        1.12  -1.7543e-05 -1.13379e-05
        1.13 -1.76551e-05 -1.10884e-05
        1.14 -1.77648e-05 -1.08325e-05
        1.15 -1.78718e-05 -1.05701e-05
        1.16 -1.79762e-05 -1.03013e-05
        1.17 -1.80778e-05 -1.00261e-05
        1.18 -1.81767e-05 -9.74465e-06
        1.19 -1.82727e-05 -9.45688e-06
         1.2 -1.83658e-05  -9.1629e-06
        1.21  -1.8456e-05 -8.86277e-06
        1.22 -1.85431e-05 -8.55655e-06
        1.23 -1.86271e-05 -8.24433e-06
        1.24  -1.8708e-05  -7.9262e-06
        1.25 -1.87856e-05 -7.60224e-06
        1.26   -1.886e-05 -7.27255e-06
        1.27 -1.89311e-05 -6.93725e-06
        1.28 -1.89988e-05 -6.59644e-06
        1.29  -1.9063e-05 -6.25026e-06
         1.3 -1.91238e-05 -5.89881e-06
        1.31  -1.9181e-05 -5.54225e-06
        1.32 -1.92346e-05 -5.18072e-06
        1.33 -1.92846e-05 -4.81435e-06
        1.34 -1.93309e-05 -4.44332e-06
        1.35 -1.93735e-05 -4.06778e-06
        1.36 -1.94123e-05 -3.68791e-06
        1.37 -1.94472e-05 -3.30387e-06
        1.38 -1.94783e-05 -2.91586e-06
        1.39 -1.95055e-05 -2.52407e-06
         1.4 -1.95288e-05 -2.12869e-06
        1.41 -1.95481e-05 -1.72992e-06
        1.42 -1.95634e-05 -1.32798e-06
        1.43 -1.95747e-05 -9.23075e-07
        1.44 -1.95819e-05 -5.15434e-07
        1.45  -1.9585e-05 -1.05282e-07
        1.46  -1.9584e-05  3.07149e-07
        1.47 -1.95788e-05  7.21621e-07
        1.48 -1.95695e-05  1.13789e-06
        1.49 -1.95561e-05  1.55571e-06
         1.5 -1.95384e-05  1.97483e-06
        1.51 -1.95166e-05  2.39499e-06
        1.52 -1.94905e-05  2.81593e-06
        1.53 -1.94603e-05  3.23738e-06
        1.54 -1.94258e-05  3.65908e-06
        1.55 -1.93871e-05  4.08075e-06
        1.56 -1.93442e-05  4.50211e-06
        1.57  -1.9297e-05   4.9229e-06
        1.58 -1.92457e-05  5.34283e-06
        1.59 -1.91902e-05  5.76162e-06
         1.6 -1.91305e-05  6.17898e-06
        1.61 -1.90666e-05  6.59462e-06
        1.62 -1.89986e-05  7.00827e-06
        1.63 -1.89264e-05  7.41962e-06
        1.64 -1.88502e-05  7.82841e-06
        1.65 -1.87699e-05  8.23432e-06
        1.66 -1.86855e-05  8.63709e-06
        1.67 -1.85971e-05  9.03641e-06
        1.68 -1.85048e-05  9.43201e-06
        1.69 -1.84085e-05   9.8236e-06
         1.7 -1.83083e-05  1.02109e-05
        1.71 -1.82043e-05  1.05936e-05
        1.72 -1.80964e-05  1.09715e-05
        1.73 -1.79848e-05  1.13442e-05
        1.74 -1.78696e-05  1.17116e-05
        1.75 -1.77506e-05  1.20732e-05
        1.76 -1.76281e-05  1.24289e-05
        1.77  -1.7502e-05  1.27785e-05
        1.78 -1.73725e-05  1.31216e-05
        1.79 -1.72396e-05   1.3458e-05
         1.8 -1.71034e-05  1.37874e-05
        1.81 -1.69639e-05  1.41097e-05
        1.82 -1.68212e-05  1.44245e-05
        1.83 -1.66754e-05  1.47317e-05
        1.84 -1.65265e-05  1.50311e-05
        1.85 -1.63747e-05  1.53223e-05
        1.86 -1.62201e-05  1.56053e-05
        1.87 -1.60626e-05  1.58799e-05
        1.88 -1.59025e-05  1.61457e-05
        1.89 -1.57397e-05  1.64028e-05
         1.9 -1.55744e-05  1.66508e-05
        1.91 -1.54067e-05  1.68896e-05
        1.92 -1.52366e-05  1.71192e-05
        1.93 -1.50643e-05  1.73392e-05
        1.94 -1.48899e-05  1.75497e-05
        1.95 -1.47133e-05  1.77504e-05
        1.96 -1.45348e-05  1.79413e-05
        1.97 -1.43545e-05  1.81223e-05
        1.98 -1.41724e-05  1.82932e-05
        1.99 -1.39886e-05   1.8454e-05
           2 -1.38033e-05  1.86047e-05
        2.01 -1.36165e-05  1.87451e-05
        2.02 -1.34284e-05  1.88752e-05
        2.03  -1.3239e-05   1.8995e-05
        2.04 -1.30485e-05  1.91044e-05
        2.05  -1.2857e-05  1.92034e-05
        2.06 -1.26645e-05  1.92921e-05
        2.07 -1.24711e-05  1.93704e-05
        2.08  -1.2277e-05  1.94384e-05
        2.09 -1.20823e-05   1.9496e-05
         2.1 -1.18871e-05  1.95434e-05
        2.11 -1.16915e-05  1.95805e-05
        2.12 -1.14955e-05  1.96075e-05
        2.13 -1.12993e-05  1.96244e-05
        2.14  -1.1103e-05  1.96312e-05
        2.15 -1.09067e-05  1.96282e-05
        2.16 -1.07105e-05  1.96153e-05
        2.17 -1.05144e-05  1.95928e-05
        2.18 -1.03186e-05  1.95607e-05
        2.19 -1.01232e-05  1.95191e-05
         2.2 -9.92822e-06  1.94683e-05
        2.21 -9.73382e-06  1.94083e-05
        2.22 -9.54006e-06  1.93394e-05
        2.23 -9.34703e-06  1.92616e-05
        2.24 -9.15482e-06  1.91753e-05
        2.25 -8.96352e-06  1.90805e-05
        2.26 -8.77321e-06  1.89775e-05
        2.27 -8.58397e-06  1.88665e-05
        2.28 -8.39588e-06  1.87476e-05
        2.29 -8.20902e-06  1.86212e-05
         2.3 -8.02346e-06  1.84874e-05
        2.31 -7.83927e-06  1.83465e-05
        2.32 -7.65653e-06  1.81986e-05
        2.33  -7.4753e-06  1.80442e-05
        2.34 -7.29565e-06  1.78833e-05
        2.35 -7.11763e-06  1.77163e-05
        2.36 -6.94132e-06  1.75435e-05
        2.37 -6.76676e-06   1.7365e-05
        2.38 -6.59402e-06  1.71811e-05
        2.39 -6.42314e-06  1.69922e-05
         2.4 -6.25418e-06  1.67985e-05
        2.41 -6.08717e-06  1.66003e-05
        2.42 -5.92217e-06  1.63978e-05
        2.43 -5.75921e-06  1.61914e-05
        2.44 -5.59834e-06  1.59813e-05
        2.45 -5.43959e-06  1.57678e-05
        2.46 -5.28298e-06  1.55513e-05
        2.47 -5.12856e-06  1.53319e-05
        2.48 -4.97635e-06    1.511e-05
        2.49 -4.82636e-06  1.48858e-05
         2.5 -4.67863e-06  1.46597e-05
        2.51 -4.53317e-06  1.44319e-05
        2.52 -4.38999e-06  1.42028e-05
        2.53 -4.24911e-06  1.39726e-05
        2.54 -4.11054e-06  1.37416e-05
        2.55 -3.97428e-06    1.351e-05
        2.56 -3.84034e-06  1.32782e-05
        2.57 -3.70872e-06  1.30465e-05
        2.58 -3.57941e-06  1.28151e-05
        2.59 -3.45242e-06  1.25843e-05
         2.6 -3.32772e-06  1.23544e-05
        2.61 -3.20533e-06  1.21256e-05
        2.62 -3.08521e-06  1.18982e-05
        2.63 -2.96736e-06  1.16725e-05
        2.64 -2.85176e-06  1.14488e-05
        2.65 -2.73839e-06  1.12272e-05
        2.66 -2.62722e-06  1.10082e-05
        2.67 -2.51822e-06  1.07918e-05
        2.68 -2.41138e-06  1.05785e-05
        2.69 -2.30665e-06  1.03684e-05
         2.7 -2.20401e-06  1.01618e-05
        2.71 -2.10342e-06  9.95888e-06
        2.72 -2.00484e-06  9.75999e-06
        2.73 -1.90822e-06  9.56534e-06
        2.74 -1.81353e-06  9.37518e-06
        2.75 -1.72072e-06  9.18975e-06
        2.76 -1.62973e-06  9.00931e-06
        2.77 -1.54053e-06  8.83409e-06
        2.78 -1.45305e-06  8.66435e-06
        2.79 -1.36724e-06  8.50034e-06
         2.8 -1.28304e-06  8.34231e-06
        2.81  -1.2004e-06  8.19052e-06
        2.82 -1.11923e-06  8.04523e-06
        2.83 -1.03949e-06  7.90671e-06
        2.84   -9.611e-07  7.77521e-06
        2.85 -8.83988e-07  7.65103e-06
        2.86  -8.0808e-07  7.53444e-06
        2.87 -7.33299e-07  7.42573e-06
        2.88 -6.59565e-07  7.32521e-06
        2.89 -5.86795e-07  7.23319e-06
         2.9 -5.14901e-07  7.14999e-06
        2.91 -4.43795e-07  7.07596e-06
        2.92 -3.73382e-07  7.01144e-06
        2.93 -3.03566e-07  6.95682e-06
        2.94 -2.34246e-07  6.91248e-06
        2.95 -1.65316e-07  6.87883e-06
        2.96 -9.66692e-08  6.85631e-06
        2.97 -2.81903e-08  6.84538e-06
        2.98  4.02384e-08  6.84653e-06
        2.99   1.0874e-07  6.86027e-06
           3  1.77444e-07  6.88717e-06
