          -3  4.30299e-05            0
       -2.99   4.3097e-05  1.33353e-05
       -2.98  4.32966e-05  2.65067e-05
       -2.97  4.36272e-05  3.95545e-05
       -2.96  4.40877e-05  5.25173e-05
       -2.95  4.46775e-05  6.54312e-05
       -2.94  4.53963e-05  7.83307e-05
       -2.93  4.62441e-05  9.12484e-05
       -2.92  4.72213e-05  0.000104216
       -2.91  4.83284e-05  0.000117262
        -2.9  4.95665e-05  0.000130416
       -2.89  5.09368e-05  0.000143704
       -2.88  5.24406e-05  0.000157152
       -2.87  5.40798e-05  0.000170785
       -2.86  5.58563e-05  0.000184627
       -2.85  5.77723e-05  0.000198701
       -2.84  5.98303e-05  0.000213028
       -2.83  6.20329e-05  0.000227629
       -2.82  6.43829e-05  0.000242526
       -2.81  6.68834e-05  0.000257736
        -2.8  6.95376e-05  0.000273279
       -2.79   7.2349e-05  0.000289174
       -2.78  7.53211e-05  0.000305436
       -2.77  7.84577e-05  0.000322084
       -2.76  8.17628e-05  0.000339133
       -2.75  8.52404e-05  0.000356598
       -2.74  8.88948e-05  0.000374496
       -2.73  9.27303e-05  0.000392839
       -2.72  9.67515e-05  0.000411642
       -2.71  0.000100963  0.000430918
        -2.7   0.00010537  0.000450679
       -2.69  0.000109977  0.000470938
       -2.68  0.000114789  0.000491706
       -2.67  0.000119811  0.000512994
       -2.66  0.000125049  0.000534812
       -2.65  0.000130507  0.000557171
       -2.64  0.000136192  0.000580079
       -2.63  0.000142109  0.000603545
       -2.62  0.000148263  0.000627576
       -2.61   0.00015466  0.000652182
        -2.6  0.000161306  0.000677367
       -2.59  0.000168208  0.000703139
       -2.58  0.000175369  0.000729503
       -2.57  0.000182798  0.000756464
       -2.56  0.000190499  0.000784026
       -2.55  0.000198478  0.000812193
       -2.54  0.000206742  0.000840968
       -2.53  0.000215297  0.000870353
       -2.52  0.000224149  0.000900349
       -2.51  0.000233304  0.000930958
        -2.5  0.000242769   0.00096218
       -2.49  0.000252548  0.000994014
       -2.48  0.000262649   0.00102646
       -2.47  0.000273077   0.00105951
       -2.46  0.000283839   0.00109317
       -2.45  0.000294941   0.00112743
       -2.44  0.000306388   0.00116229
       -2.43  0.000318186   0.00119774
       -2.42  0.000330343   0.00123378
       -2.41  0.000342862    0.0012704
        -2.4  0.000355751   0.00130759
       -2.39  0.000369014   0.00134535
       -2.38  0.000382657   0.00138366
       -2.37  0.000396687   0.00142251
       -2.36  0.000411108   0.00146191
       -2.35  0.000425925   0.00150182
       -2.34  0.000441144   0.00154225
       -2.33   0.00045677   0.00158317
       -2.32  0.000472808   0.00162458
       -2.31  0.000489262   0.00166646
        -2.3  0.000506137   0.00170879
       -2.29  0.000523437   0.00175155
       -2.28  0.000541168   0.00179474
       -2.27  0.000559332   0.00183834
       -2.26  0.000577935   0.00188231
       -2.25  0.000596979   0.00192665
       -2.24  0.000616468   0.00197134
       -2.23  0.000636405   0.00201635
       -2.22  0.000656795   0.00206167
       -2.21  0.000677639   0.00210727
        -2.2   0.00069894   0.00215312
       -2.19  0.000720701   0.00219921
       -2.18  0.000742924   0.00224551
       -2.17  0.000765611     0.002292
       -2.16  0.000788764   0.00233865
       -2.15  0.000812384   0.00238544
       -2.14  0.000836473   0.00243234
       -2.13  0.000861031   0.00247932
       -2.12  0.000886059   0.00252635
       -2.11  0.000911558   0.00257342
        -2.1  0.000937528   0.00262048
       -2.09  0.000963968   0.00266752
       -2.08  0.000990878   0.00271451
       -2.07   0.00101826   0.00276141
       -2.06   0.00104611   0.00280819
       -2.05   0.00107442   0.00285483
       -2.04    0.0011032   0.00290129
       -2.03   0.00113245   0.00294756
       -2.02   0.00116215   0.00299359
       -2.01   0.00119232   0.00303935
          -2   0.00122294   0.00308482
       -1.99   0.00125402   0.00312997
       -1.98   0.00128554   0.00317476
       -1.97   0.00131751   0.00321917
       -1.96   0.00134992   0.00326316
       -1.95   0.00138277   0.00330671
       -1.94   0.00141606   0.00334978
       -1.93   0.00144977   0.00339234
       -1.92    0.0014839   0.00343437
       -1.91   0.00151846   0.00347584
        -1.9   0.00155342   0.00351671
       -1.89   0.00158879   0.00355696
       -1.88   0.00162456   0.00359656
       -1.87   0.00166072   0.00363548
       -1.86   0.00169727    0.0036737
       -1.85    0.0017342   0.00371118
       -1.84   0.00177149    0.0037479
       -1.83   0.00180915   0.00378384
       -1.82   0.00184717   0.00381896
       -1.81   0.00188553   0.00385325
        -1.8   0.00192424   0.00388667
       -1.79   0.00196327   0.00391921
       -1.78   0.00200262   0.00395084
       -1.77   0.00204228   0.00398154
       -1.76   0.00208225   0.00401129
       -1.75   0.00212251   0.00404006
       -1.74   0.00216305   0.00406784
       -1.73   0.00220387   0.00409461
       -1.72   0.00224494   0.00412035
       -1.71   0.00228627   0.00414503
        -1.7   0.00232785   0.00416865
       -1.69   0.00236965   0.00419119
       -1.68   0.00241167   0.00421263
       -1.67    0.0024539   0.00423296
       -1.66   0.00249633   0.00425216
       -1.65   0.00253894   0.00427023
       -1.64   0.00258173   0.00428714
       -1.63   0.00262469    0.0043029
       -1.62   0.00266779   0.00431749
       -1.61   0.00271104    0.0043309
        -1.6   0.00275441   0.00434313
       -1.59    0.0027979   0.00435417
       -1.58   0.00284149   0.00436401
       -1.57   0.00288518   0.00437264
       -1.56   0.00292894   0.00438007
       -1.55   0.00297278    0.0043863
       -1.54   0.00301667   0.00439131
       -1.53   0.00306061   0.00439512
       -1.52   0.00310457   0.00439771
       -1.51   0.00314856    0.0043991
        -1.5   0.00319256   0.00439928
       -1.49   0.00323655   0.00439826
       -1.48   0.00328052   0.00439604
       -1.47   0.00332447   0.00439262
       -1.46   0.00336837   0.00438802
       -1.45   0.00341223   0.00438224
       -1.44   0.00345602   0.00437528
       -1.43   0.00349973   0.00436716
       -1.42   0.00354336   0.00435789
       -1.41   0.00358689   0.00434747
        -1.4   0.00363031   0.00433592
       -1.39   0.00367361   0.00432325
       -1.38   0.00371678   0.00430947
       -1.37    0.0037598    0.0042946
       -1.36   0.00380267   0.00427865
       -1.35   0.00384537   0.00426164
       -1.34    0.0038879   0.00424357
       -1.33   0.00393024   0.00422448
       -1.32   0.00397239   0.00420437
       -1.31   0.00401433   0.00418326
        -1.3   0.00405605   0.00416118
       -1.29   0.00409755   0.00413814
       -1.28   0.00413882   0.00411415
       -1.27   0.00417984   0.00408925
       -1.26    0.0042206   0.00406345
       -1.25   0.00426111   0.00403677
       -1.24   0.00430134   0.00400924
       -1.23   0.00434129   0.00398087
       -1.22   0.00438096   0.00395169
       -1.21   0.00442032   0.00392172
        -1.2   0.00445939   0.00389099
       -1.19   0.00449814   0.00385951
       -1.18   0.00453658   0.00382731
       -1.17   0.00457469   0.00379442
       -1.16   0.00461247   0.00376086
       -1.15   0.00464991   0.00372666
       -1.14     0.004687   0.00369183
       -1.13   0.00472374    0.0036564
       -1.12   0.00476013    0.0036204
       -1.11   0.00479615   0.00358386
        -1.1   0.00483181   0.00354679
       -1.09   0.00486709   0.00350923
       -1.08   0.00490199   0.00347119
       -1.07   0.00493651   0.00343271
       -1.06   0.00497065    0.0033938
       -1.05   0.00500439    0.0033545
       -1.04   0.00503774   0.00331483
       -1.03   0.00507068    0.0032748
       -1.02   0.00510323   0.00323446
       -1.01   0.00513537   0.00319381
          -1   0.00516711   0.00315289
       -0.99   0.00519843   0.00311172
       -0.98   0.00522934   0.00307033
       -0.97   0.00525984   0.00302873
       -0.96   0.00528992   0.00298695
       -0.95   0.00531958   0.00294501
       -0.94   0.00534882   0.00290294
       -0.93   0.00537764   0.00286076
       -0.92   0.00540603   0.00281848
       -0.91   0.00543401   0.00277614
        -0.9   0.00546156   0.00273376
       -0.89   0.00548868   0.00269135
       -0.88   0.00551538   0.00264893
       -0.87   0.00554166   0.00260653
       -0.86   0.00556751   0.00256416
       -0.85   0.00559294   0.00252185
       -0.84   0.00561795   0.00247961
       -0.83   0.00564253   0.00243746
       -0.82    0.0056667   0.00239542
       -0.81   0.00569044   0.00235351
        -0.8   0.00571377   0.00231174
       -0.79   0.00573668   0.00227014
       -0.78   0.00575917   0.00222871
       -0.77   0.00578125   0.00218747
       -0.76   0.00580292   0.00214643
       -0.75   0.00582418   0.00210562
       -0.74   0.00584503   0.00206505
       -0.73   0.00586548   0.00202472
       -0.72   0.00588553   0.00198465
       -0.71   0.00590517   0.00194486
        -0.7   0.00592443   0.00190535
       -0.69   0.00594328   0.00186614
       -0.68   0.00596175   0.00182723
       -0.67   0.00597983   0.00178865
       -0.66   0.00599752   0.00175038
       -0.65   0.00601483   0.00171246
       -0.64   0.00603177   0.00167488
       -0.63   0.00604833   0.00163765
       -0.62   0.00606452   0.00160078
       -0.61   0.00608035   0.00156427
        -0.6   0.00609581   0.00152814
       -0.59   0.00611091   0.00149238
       -0.58   0.00612566   0.00145701
       -0.57   0.00614005   0.00142203
       -0.56    0.0061541   0.00138744
       -0.55    0.0061678   0.00135324
       -0.54   0.00618116   0.00131944
       -0.53   0.00619419   0.00128605
       -0.52   0.00620688   0.00125305
       -0.51   0.00621925   0.00122047
        -0.5   0.00623129   0.00118828
       -0.49   0.00624301   0.00115651
       -0.48   0.00625442   0.00112513
       -0.47   0.00626552   0.00109417
       -0.46   0.00627631   0.00106361
       -0.45   0.00628679   0.00103346
       -0.44   0.00629697    0.0010037
       -0.43   0.00630686  0.000974348
       -0.42   0.00631646  0.000945391
       -0.41   0.00632577  0.000916828
        -0.4    0.0063348  0.000888655
       -0.39   0.00634354  0.000860868
       -0.38   0.00635202  0.000833464
       -0.37   0.00636021  0.000806437
       -0.36   0.00636814  0.000779782
       -0.35   0.00637581  0.000753493
       -0.34   0.00638321  0.000727566
       -0.33   0.00639036  0.000701992
       -0.32   0.00639725  0.000676767
       -0.31    0.0064039  0.000651883
        -0.3   0.00641029  0.000627332
       -0.29   0.00641644  0.000603107
       -0.28   0.00642235  0.000579201
       -0.27   0.00642803  0.000555605
       -0.26   0.00643347   0.00053231
       -0.25   0.00643867  0.000509307
       -0.24   0.00644365  0.000486589
       -0.23    0.0064484  0.000464145
       -0.22   0.00645293  0.000441965
       -0.21   0.00645724  0.000420041
        -0.2   0.00646134  0.000398362
       -0.19   0.00646521  0.000376918
       -0.18   0.00646887  0.000355697
       -0.17   0.00647233  0.000334691
       -0.16   0.00647557  0.000313888
       -0.15    0.0064786  0.000293276
       -0.14   0.00648143  0.000272845
       -0.13   0.00648406  0.000252583
       -0.12   0.00648648  0.000232479
       -0.11   0.00648871  0.000212522
        -0.1   0.00649074  0.000192699
       -0.09   0.00649256  0.000172998
       -0.08    0.0064942  0.000153409
       -0.07   0.00649563  0.000133917
       -0.06   0.00649687  0.000114513
       -0.05   0.00649792  9.51823e-05
       -0.04   0.00649878  7.59138e-05
       -0.03   0.00649944   5.6695e-05
       -0.02   0.00649991  3.75135e-05
       -0.01   0.00650019  1.83569e-05
-1.96752e-14   0.00650028 -7.87312e-07
        0.01   0.00650017 -1.99315e-05
        0.02   0.00649988  -3.9088e-05
        0.03   0.00649939 -5.82694e-05
        0.04   0.00649871 -7.74881e-05
        0.05   0.00649784 -9.67563e-05
        0.06   0.00649678 -0.000116086
        0.07   0.00649552 -0.000135491
        0.08   0.00649407 -0.000154982
        0.09   0.00649242 -0.000174571
         0.1   0.00649058 -0.000194271
        0.11   0.00648854 -0.000214094
        0.12    0.0064863 -0.000234051
        0.13   0.00648386 -0.000254154
        0.14   0.00648121 -0.000274415
        0.15   0.00647837 -0.000294845
        0.16   0.00647532 -0.000315456
        0.17   0.00647206 -0.000336259
        0.18   0.00646859 -0.000357264
        0.19   0.00646491 -0.000378483
         0.2   0.00646102 -0.000399927
        0.21   0.00645691 -0.000421605
        0.22   0.00645259 -0.000443528
        0.23   0.00644804 -0.000465706
        0.24   0.00644327 -0.000488149
        0.25   0.00643828 -0.000510866
        0.26   0.00643306 -0.000533867
        0.27    0.0064276  -0.00055716
        0.28   0.00642191 -0.000580755
        0.29   0.00641599  -0.00060466
         0.3   0.00640982 -0.000628883
        0.31   0.00640341 -0.000653432
        0.32   0.00639675 -0.000678314
        0.33   0.00638984 -0.000703537
        0.34   0.00638268 -0.000729108
        0.35   0.00637526 -0.000755034
        0.36   0.00636758  -0.00078132
        0.37   0.00635964 -0.000807973
        0.38   0.00635142 -0.000834997
        0.39   0.00634294 -0.000862399
         0.4   0.00633417 -0.000890183
        0.41   0.00632513 -0.000918353
        0.42   0.00631581 -0.000946913
        0.43   0.00630619 -0.000975867
        0.44   0.00629629  -0.00100522
        0.45   0.00628609  -0.00103497
        0.46   0.00627559  -0.00106512
        0.47   0.00626479  -0.00109568
        0.48   0.00625368  -0.00112664
        0.49   0.00624225    -0.001158
         0.5   0.00623052  -0.00118978
        0.51   0.00621846  -0.00122196
        0.52   0.00620608  -0.00125454
        0.53   0.00619337  -0.00128753
        0.54   0.00618033  -0.00132092
        0.55   0.00616695  -0.00135471
        0.56   0.00615323  -0.00138891
        0.57   0.00613917  -0.00142349
        0.58   0.00612476  -0.00145847
        0.59      0.00611  -0.00149384
         0.6   0.00609489  -0.00152959
        0.61   0.00607941  -0.00156571
        0.62   0.00606357  -0.00160221
        0.63   0.00604737  -0.00163908
        0.64   0.00603079   -0.0016763
        0.65   0.00601384  -0.00171388
        0.66   0.00599651   -0.0017518
        0.67    0.0059788  -0.00179005
        0.68   0.00596071  -0.00182863
        0.69   0.00594223  -0.00186753
         0.7   0.00592336  -0.00190674
        0.71    0.0059041  -0.00194624
        0.72   0.00588444  -0.00198602
        0.73   0.00586438  -0.00202608
        0.74   0.00584391   -0.0020664
        0.75   0.00582305  -0.00210697
        0.76   0.00580177  -0.00214777
        0.77   0.00578009   -0.0021888
        0.78     0.005758  -0.00223003
        0.79   0.00573549  -0.00227145
         0.8   0.00571257  -0.00231305
        0.81   0.00568923  -0.00235481
        0.82   0.00566547  -0.00239671
        0.83    0.0056413  -0.00243874
        0.84    0.0056167  -0.00248088
        0.85   0.00559168  -0.00252311
        0.86   0.00556624  -0.00256541
        0.87   0.00554037  -0.00260777
        0.88   0.00551408  -0.00265016
        0.89   0.00548737  -0.00269257
         0.9   0.00546023  -0.00273497
        0.91   0.00543267  -0.00277734
        0.92   0.00540468  -0.00281967
        0.93   0.00537627  -0.00286194
        0.94   0.00534744  -0.00290411
        0.95   0.00531819  -0.00294617
        0.96   0.00528852  -0.00298809
        0.97   0.00525843  -0.00302986
        0.98   0.00522792  -0.00307145
        0.99     0.005197  -0.00311284
           1   0.00516567  -0.00315399
        1.01   0.00513392   -0.0031949
        1.02   0.00510177  -0.00323554
        1.03   0.00506921  -0.00327587
        1.04   0.00503625  -0.00331588
        1.05   0.00500289  -0.00335555
        1.06   0.00496914  -0.00339484
        1.07     0.004935  -0.00343373
        1.08   0.00490047   -0.0034722
        1.09   0.00486555  -0.00351023
         1.1   0.00483026  -0.00354778
        1.11    0.0047946  -0.00358483
        1.12   0.00475857  -0.00362137
        1.13   0.00472217  -0.00365735
        1.14   0.00468542  -0.00369276
        1.15   0.00464831  -0.00372758
        1.16   0.00461087  -0.00376178
        1.17   0.00457308  -0.00379532
        1.18   0.00453496   -0.0038282
        1.19   0.00449652  -0.00386039
         1.2   0.00445775  -0.00389185
        1.21   0.00441868  -0.00392258
        1.22    0.0043793  -0.00395253
        1.23   0.00433963   -0.0039817
        1.24   0.00429967  -0.00401006
        1.25   0.00425943  -0.00403758
        1.26   0.00421891  -0.00406425
        1.27   0.00417814  -0.00409004
        1.28   0.00413711  -0.00411493
        1.29   0.00409584  -0.00413891
         1.3   0.00405434  -0.00416194
        1.31    0.0040126  -0.00418401
        1.32   0.00397066  -0.00420511
        1.33    0.0039285  -0.00422521
        1.34   0.00388615   -0.0042443
        1.35   0.00384362  -0.00426235
        1.36    0.0038009  -0.00427936
        1.37   0.00375803   -0.0042953
        1.38     0.003715  -0.00431017
        1.39   0.00367183  -0.00432394
         1.4   0.00362852   -0.0043366
        1.41   0.00358509  -0.00434815
        1.42   0.00354156  -0.00435856
        1.43   0.00349792  -0.00436783
        1.44    0.0034542  -0.00437594
        1.45    0.0034104  -0.00438289
        1.46   0.00336654  -0.00438867
        1.47   0.00332263  -0.00439327
        1.48   0.00327868  -0.00439669
        1.49    0.0032347  -0.00439891
         1.5    0.0031907  -0.00439993
        1.51    0.0031467  -0.00439975
        1.52    0.0031027  -0.00439836
        1.53   0.00305873  -0.00439577
        1.54   0.00301479  -0.00439197
        1.55   0.00297089  -0.00438695
        1.56   0.00292705  -0.00438073
        1.57   0.00288328  -0.00437331
        1.58   0.00283958  -0.00436468
        1.59   0.00279598  -0.00435484
         1.6   0.00275249  -0.00434382
        1.61   0.00270911   -0.0043316
        1.62   0.00266585  -0.00431819
        1.63   0.00262274  -0.00430362
        1.64   0.00257978  -0.00428787
        1.65   0.00253698  -0.00427097
        1.66   0.00249436  -0.00425291
        1.67   0.00245193  -0.00423373
        1.68   0.00240969  -0.00421341
        1.69   0.00236766  -0.00419199
         1.7   0.00232585  -0.00416947
        1.71   0.00228427  -0.00414587
        1.72   0.00224293  -0.00412121
        1.73   0.00220184   -0.0040955
        1.74   0.00216102  -0.00406876
        1.75   0.00212047    -0.004041
        1.76    0.0020802  -0.00401226
        1.77   0.00204022  -0.00398254
        1.78   0.00200055  -0.00395187
        1.79   0.00196119  -0.00392027
         1.8   0.00192214  -0.00388777
        1.81   0.00188343  -0.00385438
        1.82   0.00184506  -0.00382013
        1.83   0.00180703  -0.00378505
        1.84   0.00176936  -0.00374916
        1.85   0.00173205  -0.00371248
        1.86   0.00169511  -0.00367505
        1.87   0.00165855  -0.00363688
        1.88   0.00162237  -0.00359801
        1.89   0.00158658  -0.00355846
         1.9    0.0015512  -0.00351827
        1.91   0.00151622  -0.00347746
        1.92   0.00148165  -0.00343605
        1.93    0.0014475  -0.00339409
        1.94   0.00141377  -0.00335159
        1.95   0.00138047  -0.00330859
        1.96    0.0013476  -0.00326512
        1.97   0.00131516   -0.0032212
        1.98   0.00128317  -0.00317688
        1.99   0.00125163  -0.00313217
           2   0.00122053  -0.00308711
        2.01   0.00118988  -0.00304173
        2.02   0.00115969  -0.00299606
        2.03   0.00112996  -0.00295013
        2.04   0.00110069  -0.00290397
        2.05   0.00107188  -0.00285761
        2.06   0.00104354  -0.00281108
        2.07   0.00101566  -0.00276442
        2.08  0.000988252  -0.00271764
        2.09  0.000961309  -0.00267079
         2.1  0.000934836  -0.00262388
        2.11  0.000908832  -0.00257695
        2.12  0.000883297  -0.00253003
        2.13  0.000858231  -0.00248314
        2.14  0.000833634  -0.00243632
        2.15  0.000809505  -0.00238958
        2.16  0.000785842  -0.00234297
        2.17  0.000762646  -0.00229649
        2.18  0.000739913  -0.00225019
        2.19  0.000717642  -0.00220408
         2.2  0.000695831  -0.00215819
        2.21  0.000674478  -0.00211254
        2.22   0.00065358  -0.00206716
        2.23  0.000633135  -0.00202207
        2.24  0.000613139   -0.0019773
        2.25  0.000593589  -0.00193286
        2.26  0.000574482  -0.00188878
        2.27  0.000555813  -0.00184507
        2.28   0.00053758  -0.00180176
        2.29  0.000519778  -0.00175886
         2.3  0.000502403   -0.0017164
        2.31   0.00048545  -0.00167439
        2.32  0.000468915  -0.00163285
        2.33  0.000452793  -0.00159179
        2.34  0.000437079  -0.00155124
        2.35  0.000421768   -0.0015112
        2.36  0.000406855  -0.00147168
        2.37  0.000392335  -0.00143271
        2.38  0.000378201  -0.00139429
        2.39  0.000364449  -0.00135644
         2.4  0.000351072  -0.00131917
        2.41  0.000338065  -0.00128248
        2.42  0.000325423  -0.00124639
        2.43  0.000313138  -0.00121091
        2.44  0.000301205  -0.00117603
        2.45  0.000289617  -0.00114178
        2.46  0.000278369  -0.00110816
        2.47  0.000267454  -0.00107517
        2.48  0.000256865  -0.00104283
        2.49  0.000246597  -0.00101112
         2.5  0.000236643 -0.000980063
        2.51  0.000226996 -0.000949657
        2.52   0.00021765 -0.000919906
        2.53  0.000208598  -0.00089081
        2.54  0.000199834 -0.000862373
        2.55   0.00019135 -0.000834596
        2.56  0.000183142 -0.000807478
        2.57  0.000175201  -0.00078102
        2.58  0.000167521 -0.000755222
        2.59  0.000160096 -0.000730083
         2.6   0.00015292 -0.000705602
        2.61  0.000145984 -0.000681777
        2.62  0.000139284 -0.000658606
        2.63  0.000132812 -0.000636088
        2.64  0.000126562 -0.000614218
        2.65  0.000120528 -0.000592995
        2.66  0.000114702 -0.000572416
        2.67   0.00010908 -0.000552476
        2.68  0.000103653 -0.000533173
        2.69   9.8416e-05 -0.000514503
         2.7  9.33628e-05 -0.000496462
        2.71  8.84868e-05 -0.000479046
        2.72  8.37819e-05 -0.000462252
        2.73  7.92418e-05 -0.000446076
        2.74  7.48603e-05 -0.000430513
        2.75  7.06315e-05 -0.000415561
        2.76  6.65491e-05 -0.000401215
        2.77  6.26072e-05 -0.000387473
        2.78  5.87997e-05 -0.000374331
        2.79  5.51206e-05 -0.000361787
         2.8  5.15639e-05 -0.000349837
        2.81  4.81238e-05 -0.000338481
        2.82  4.47943e-05 -0.000327715
        2.83  4.15695e-05  -0.00031754
        2.84  3.84435e-05 -0.000307955
        2.85  3.54104e-05 -0.000298959
        2.86  3.24643e-05 -0.000290554
        2.87  2.95993e-05 -0.000282742
        2.88  2.68095e-05 -0.000275524
        2.89  2.40888e-05 -0.000268905
         2.9  2.14314e-05 -0.000262889
        2.91  1.88311e-05 -0.000257481
        2.92  1.62818e-05 -0.000252689
        2.93  1.37773e-05 -0.000248521
        2.94  1.13113e-05 -0.000244987
        2.95  8.87754e-06 -0.000242099
        2.96  6.46937e-06 -0.000239868
        2.97  4.08017e-06 -0.000238312
        2.98  1.70313e-06 -0.000237447
        2.99 -6.68764e-07 -0.000237292
           3 -3.04271e-06 -0.000237869
