          -3  4.51293e-10            0
       -2.99  4.51664e-10  7.32816e-11
       -2.98  4.52759e-10   1.4494e-10
       -2.97  4.54563e-10  2.15102e-10
       -2.96  4.57061e-10  2.83885e-10
       -2.95  4.60241e-10  3.51395e-10
       -2.94  4.64089e-10  4.17731e-10
       -2.93  4.68595e-10  4.82981e-10
       -2.92  4.73749e-10  5.47226e-10
       -2.91   4.7954e-10   6.1054e-10
        -2.9  4.85959e-10  6.72987e-10
       -2.89  4.92999e-10  7.34626e-10
       -2.88  5.00652e-10   7.9551e-10
       -2.87   5.0891e-10  8.55684e-10
       -2.86  5.17766e-10  9.15187e-10
       -2.85  5.27213e-10  9.74053e-10
       -2.84  5.37247e-10  1.03231e-09
       -2.83   5.4786e-10  1.08998e-09
       -2.82  5.59046e-10  1.14709e-09
       -2.81  5.70801e-10  1.20364e-09
        -2.8  5.83119e-10  1.25964e-09
       -2.79  5.95994e-10  1.31511e-09
       -2.78  6.09421e-10  1.37004e-09
       -2.77  6.23395e-10  1.42442e-09
       -2.76   6.3791e-10  1.47825e-09
       -2.75   6.5296e-10  1.53152e-09
       -2.74   6.6854e-10  1.58421e-09
       -2.73  6.84644e-10  1.63631e-09
       -2.72  7.01266e-10   1.6878e-09
       -2.71    7.184e-10  1.73865e-09
        -2.7  7.36039e-10  1.78884e-09
       -2.69  7.54177e-10  1.83833e-09
       -2.68  7.72806e-10   1.8871e-09
       -2.67  7.91919e-10  1.93511e-09
       -2.66  8.11508e-10  1.98233e-09
       -2.65  8.31565e-10  2.02871e-09
       -2.64  8.52082e-10  2.07423e-09
       -2.63   8.7305e-10  2.11882e-09
       -2.62  8.94459e-10  2.16247e-09
       -2.61  9.16299e-10   2.2051e-09
        -2.6  9.38561e-10  2.24669e-09
       -2.59  9.61233e-10  2.28719e-09
       -2.58  9.84305e-10  2.32654e-09
       -2.57  1.00776e-09  2.36469e-09
       -2.56   1.0316e-09   2.4016e-09
       -2.55   1.0558e-09  2.43721e-09
       -2.54  1.08034e-09  2.47147e-09
       -2.53  1.10523e-09  2.50433e-09
       -2.52  1.13043e-09  2.53574e-09
       -2.51  1.15594e-09  2.56565e-09
        -2.5  1.18174e-09  2.59399e-09
       -2.49  1.20782e-09  2.62073e-09
       -2.48  1.23416e-09   2.6458e-09
       -2.47  1.26074e-09  2.66915e-09
       -2.46  1.28754e-09  2.69074e-09
       -2.45  1.31455e-09  2.71052e-09
       -2.44  1.34175e-09  2.72842e-09
       -2.43  1.36912e-09  2.74441e-09
       -2.42  1.39664e-09  2.75844e-09
       -2.41  1.42429e-09  2.77045e-09
        -2.4  1.45205e-09  2.78041e-09
       -2.39   1.4799e-09  2.78826e-09
       -2.38  1.50781e-09  2.79397e-09
       -2.37  1.53578e-09   2.7975e-09
       -2.36  1.56376e-09   2.7988e-09
       -2.35  1.59175e-09  2.79784e-09
       -2.34  1.61972e-09  2.79459e-09
       -2.33  1.64764e-09    2.789e-09
       -2.32   1.6755e-09  2.78105e-09
       -2.31  1.70326e-09   2.7707e-09
        -2.3  1.73091e-09  2.75794e-09
       -2.29  1.75842e-09  2.74273e-09
       -2.28  1.78577e-09  2.72506e-09
       -2.27  1.81292e-09   2.7049e-09
       -2.26  1.83987e-09  2.68224e-09
       -2.25  1.86657e-09  2.65706e-09
       -2.24  1.89301e-09  2.62935e-09
       -2.23  1.91916e-09  2.59911e-09
       -2.22  1.94499e-09  2.56632e-09
       -2.21  1.97048e-09  2.53099e-09
        -2.2  1.99561e-09  2.49311e-09
       -2.19  2.02034e-09  2.45269e-09
       -2.18  2.04466e-09  2.40973e-09
       -2.17  2.06854e-09  2.36424e-09
       -2.16  2.09195e-09  2.31623e-09
       -2.15  2.11486e-09  2.26573e-09
       -2.14  2.13726e-09  2.21274e-09
       -2.13  2.15912e-09  2.15728e-09
       -2.12  2.18041e-09  2.09939e-09
       -2.11  2.20111e-09  2.03908e-09
        -2.1  2.22119e-09  1.97639e-09
       -2.09  2.24063e-09  1.91135e-09
       -2.08  2.25942e-09  1.84399e-09
       -2.07  2.27751e-09  1.77437e-09
       -2.06   2.2949e-09   1.7025e-09
       -2.05  2.31156e-09  1.62845e-09
       -2.04  2.32747e-09  1.55226e-09
       -2.03  2.34261e-09  1.47397e-09
       -2.02  2.35695e-09  1.39364e-09
       -2.01  2.37048e-09  1.31133e-09
          -2  2.38318e-09  1.22708e-09
       -1.99  2.39502e-09  1.14097e-09
       -1.98    2.406e-09  1.05306e-09
       -1.97  2.41608e-09  9.63399e-10
       -1.96  2.42527e-09  8.72066e-10
       -1.95  2.43353e-09  7.79126e-10
       -1.94  2.44085e-09   6.8465e-10
       -1.93  2.44722e-09  5.88711e-10
       -1.92  2.45262e-09  4.91382e-10
       -1.91  2.45705e-09   3.9274e-10
        -1.9  2.46048e-09  2.92861e-10
       -1.89   2.4629e-09  1.91825e-10
       -1.88  2.46431e-09  8.97126e-11
       -1.87   2.4647e-09  -1.3396e-11
       -1.86  2.46405e-09 -1.17418e-10
       -1.85  2.46235e-09 -2.22269e-10
       -1.84   2.4596e-09 -3.27866e-10
       -1.83  2.45579e-09 -4.34123e-10
       -1.82  2.45092e-09 -5.40955e-10
       -1.81  2.44497e-09 -6.48275e-10
        -1.8  2.43795e-09 -7.55997e-10
       -1.79  2.42985e-09 -8.64034e-10
       -1.78  2.42067e-09 -9.72299e-10
       -1.77  2.41041e-09  -1.0807e-09
       -1.76  2.39906e-09 -1.18916e-09
       -1.75  2.38662e-09 -1.29759e-09
       -1.74  2.37311e-09  -1.4059e-09
       -1.73  2.35851e-09   -1.514e-09
       -1.72  2.34283e-09 -1.62181e-09
       -1.71  2.32607e-09 -1.72924e-09
        -1.7  2.30824e-09 -1.83622e-09
       -1.69  2.28935e-09 -1.94265e-09
       -1.68  2.26939e-09 -2.04846e-09
       -1.67  2.24838e-09 -2.15356e-09
       -1.66  2.22632e-09 -2.25788e-09
       -1.65  2.20322e-09 -2.36133e-09
       -1.64  2.17909e-09 -2.46384e-09
       -1.63  2.15394e-09 -2.56533e-09
       -1.62  2.12778e-09 -2.66573e-09
       -1.61  2.10063e-09 -2.76496e-09
        -1.6  2.07248e-09 -2.86296e-09
       -1.59  2.04337e-09 -2.95965e-09
       -1.58  2.01329e-09 -3.05497e-09
       -1.57  1.98227e-09 -3.14886e-09
       -1.56  1.95031e-09 -3.24124e-09
       -1.55  1.91744e-09 -3.33206e-09
       -1.54  1.88367e-09 -3.42126e-09
       -1.53  1.84902e-09 -3.50877e-09
       -1.52   1.8135e-09 -3.59456e-09
       -1.51  1.77713e-09 -3.67855e-09
        -1.5  1.73993e-09 -3.76071e-09
       -1.49  1.70191e-09 -3.84098e-09
       -1.48  1.66311e-09 -3.91933e-09
       -1.47  1.62353e-09 -3.99569e-09
       -1.46  1.58319e-09 -4.07004e-09
       -1.45  1.54213e-09 -4.14233e-09
       -1.44  1.50035e-09 -4.21254e-09
       -1.43  1.45788e-09 -4.28061e-09
       -1.42  1.41473e-09 -4.34653e-09
       -1.41  1.37095e-09 -4.41027e-09
        -1.4  1.32653e-09 -4.47179e-09
       -1.39  1.28151e-09 -4.53107e-09
       -1.38  1.23591e-09  -4.5881e-09
       -1.37  1.18975e-09 -4.64285e-09
       -1.36  1.14305e-09  -4.6953e-09
       -1.35  1.09584e-09 -4.74544e-09
       -1.34  1.04814e-09 -4.79327e-09
       -1.33  9.99976e-10 -4.83876e-09
       -1.32  9.51367e-10 -4.88191e-09
       -1.31  9.02338e-10 -4.92272e-09
        -1.3  8.52912e-10 -4.96118e-09
       -1.29  8.03114e-10 -4.99729e-09
       -1.28  7.52967e-10 -5.03106e-09
       -1.27  7.02493e-10 -5.06248e-09
       -1.26  6.51717e-10 -5.09156e-09
       -1.25  6.00662e-10 -5.11831e-09
       -1.24  5.49351e-10 -5.14275e-09
       -1.23  4.97807e-10 -5.16487e-09
       -1.22  4.46053e-10 -5.18469e-09
       -1.21  3.94113e-10 -5.20224e-09
        -1.2  3.42009e-10 -5.21752e-09
       -1.19  2.89763e-10 -5.23055e-09
       -1.18  2.37398e-10 -5.24136e-09
       -1.17  1.84936e-10 -5.24996e-09
       -1.16  1.32398e-10 -5.25639e-09
       -1.15  7.98078e-11 -5.26066e-09
       -1.14  2.71852e-11  -5.2628e-09
       -1.13 -2.54481e-11 -5.26283e-09
       -1.12 -7.80715e-11  -5.2608e-09
       -1.11 -1.30664e-10 -5.25672e-09
        -1.1 -1.83206e-10 -5.25063e-09
       -1.09 -2.35677e-10 -5.24257e-09
       -1.08 -2.88057e-10 -5.23256e-09
       -1.07 -3.40328e-10 -5.22063e-09
       -1.06  -3.9247e-10 -5.20683e-09
       -1.05 -4.44465e-10  -5.1912e-09
       -1.04 -4.96294e-10 -5.17376e-09
       -1.03  -5.4794e-10 -5.15455e-09
       -1.02 -5.99385e-10 -5.13362e-09
       -1.01 -6.50612e-10   -5.111e-09
          -1 -7.01605e-10 -5.08674e-09
       -0.99 -7.52347e-10 -5.06086e-09
       -0.98 -8.02822e-10 -5.03342e-09
       -0.97 -8.53015e-10 -5.00445e-09
       -0.96 -9.02911e-10   -4.974e-09
       -0.95 -9.52495e-10  -4.9421e-09
       -0.94 -1.00175e-09  -4.9088e-09
       -0.93 -1.05067e-09 -4.87414e-09
       -0.92 -1.09924e-09 -4.83815e-09
       -0.91 -1.14743e-09 -4.80089e-09
        -0.9 -1.19525e-09  -4.7624e-09
       -0.89 -1.24268e-09  -4.7227e-09
       -0.88 -1.28971e-09 -4.68186e-09
       -0.87 -1.33632e-09  -4.6399e-09
       -0.86 -1.38251e-09 -4.59688e-09
       -0.85 -1.42826e-09 -4.55282e-09
       -0.84 -1.47356e-09 -4.50778e-09
       -0.83 -1.51841e-09 -4.46178e-09
       -0.82  -1.5628e-09 -4.41488e-09
       -0.81 -1.60671e-09 -4.36711e-09
        -0.8 -1.65014e-09 -4.31851e-09
       -0.79 -1.69308e-09 -4.26911e-09
       -0.78 -1.73552e-09 -4.21897e-09
       -0.77 -1.77746e-09  -4.1681e-09
       -0.76 -1.81888e-09 -4.11656e-09
       -0.75 -1.85979e-09 -4.06438e-09
       -0.74 -1.90017e-09 -4.01158e-09
       -0.73 -1.94002e-09 -3.95822e-09
       -0.72 -1.97934e-09 -3.90432e-09
       -0.71 -2.01811e-09 -3.84992e-09
        -0.7 -2.05633e-09 -3.79504e-09
       -0.69 -2.09401e-09 -3.73973e-09
       -0.68 -2.13113e-09 -3.68401e-09
       -0.67 -2.16769e-09 -3.62791e-09
       -0.66 -2.20369e-09 -3.57147e-09
       -0.65 -2.23912e-09 -3.51471e-09
       -0.64 -2.27398e-09 -3.45766e-09
       -0.63 -2.30827e-09 -3.40035e-09
       -0.62 -2.34199e-09  -3.3428e-09
       -0.61 -2.37513e-09 -3.28505e-09
        -0.6 -2.40769e-09 -3.22711e-09
       -0.59 -2.43967e-09 -3.16902e-09
       -0.58 -2.47107e-09 -3.11078e-09
       -0.57 -2.50189e-09 -3.05244e-09
       -0.56 -2.53212e-09   -2.994e-09
       -0.55 -2.56177e-09 -2.93549e-09
       -0.54 -2.59083e-09 -2.87693e-09
       -0.53  -2.6193e-09 -2.81833e-09
       -0.52  -2.6472e-09 -2.75972e-09
       -0.51  -2.6745e-09 -2.70112e-09
        -0.5 -2.70122e-09 -2.64253e-09
       -0.49 -2.72735e-09 -2.58397e-09
       -0.48  -2.7529e-09 -2.52547e-09
       -0.47 -2.77786e-09 -2.46703e-09
       -0.46 -2.80224e-09 -2.40867e-09
       -0.45 -2.82603e-09 -2.35039e-09
       -0.44 -2.84925e-09 -2.29221e-09
       -0.43 -2.87188e-09 -2.23415e-09
       -0.42 -2.89393e-09  -2.1762e-09
       -0.41  -2.9154e-09 -2.11839e-09
        -0.4  -2.9363e-09 -2.06071e-09
       -0.39 -2.95662e-09 -2.00318e-09
       -0.38 -2.97636e-09  -1.9458e-09
       -0.37 -2.99553e-09 -1.88858e-09
       -0.36 -3.01413e-09 -1.83152e-09
       -0.35 -3.03216e-09 -1.77463e-09
       -0.34 -3.04962e-09 -1.71791e-09
       -0.33 -3.06652e-09 -1.66136e-09
       -0.32 -3.08285e-09   -1.605e-09
       -0.31 -3.09862e-09 -1.54881e-09
        -0.3 -3.11383e-09 -1.49281e-09
       -0.29 -3.12848e-09 -1.43699e-09
       -0.28 -3.14257e-09 -1.38135e-09
       -0.27  -3.1561e-09 -1.32589e-09
       -0.26 -3.16908e-09 -1.27061e-09
       -0.25 -3.18151e-09 -1.21552e-09
       -0.24 -3.19339e-09  -1.1606e-09
       -0.23 -3.20473e-09 -1.10585e-09
       -0.22 -3.21551e-09 -1.05128e-09
       -0.21 -3.22575e-09 -9.96875e-10
        -0.2 -3.23545e-09 -9.42636e-10
       -0.19 -3.24461e-09 -8.88557e-10
       -0.18 -3.25322e-09 -8.34634e-10
       -0.17  -3.2613e-09 -7.80862e-10
       -0.16 -3.26884e-09 -7.27236e-10
       -0.15 -3.27584e-09 -6.73749e-10
       -0.14 -3.28231e-09 -6.20395e-10
       -0.13 -3.28825e-09 -5.67169e-10
       -0.12 -3.29366e-09 -5.14063e-10
       -0.11 -3.29853e-09 -4.61071e-10
        -0.1 -3.30288e-09 -4.08186e-10
       -0.09  -3.3067e-09 -3.55399e-10
       -0.08 -3.30999e-09 -3.02704e-10
       -0.07 -3.31275e-09 -2.50094e-10
       -0.06 -3.31499e-09 -1.97559e-10
       -0.05  -3.3167e-09 -1.45092e-10
       -0.04 -3.31789e-09 -9.26848e-11
       -0.03 -3.31855e-09 -4.03295e-11
       -0.02  -3.3187e-09  1.19824e-11
       -0.01 -3.31831e-09  6.42593e-11
-1.96752e-14 -3.31741e-09  1.16509e-10
        0.01 -3.31598e-09  1.68741e-10
        0.02 -3.31404e-09  2.20963e-10
        0.03 -3.31157e-09  2.73183e-10
        0.04 -3.30857e-09   3.2541e-10
        0.05 -3.30506e-09  3.77651e-10
        0.06 -3.30102e-09  4.29915e-10
        0.07 -3.29646e-09   4.8221e-10
        0.08 -3.29138e-09  5.34544e-10
        0.09 -3.28577e-09  5.86924e-10
         0.1 -3.27964e-09  6.39358e-10
        0.11 -3.27298e-09  6.91852e-10
        0.12  -3.2658e-09  7.44415e-10
        0.13 -3.25809e-09  7.97052e-10
        0.14 -3.24986e-09  8.49771e-10
        0.15  -3.2411e-09  9.02578e-10
        0.16 -3.23181e-09  9.55479e-10
        0.17 -3.22199e-09  1.00848e-09
        0.18 -3.21164e-09  1.06158e-09
        0.19 -3.20076e-09   1.1148e-09
         0.2 -3.18934e-09  1.16812e-09
        0.21 -3.17739e-09  1.22157e-09
        0.22 -3.16491e-09  1.27514e-09
        0.23 -3.15189e-09  1.32883e-09
        0.24 -3.13833e-09  1.38265e-09
        0.25 -3.12424e-09  1.43661e-09
        0.26  -3.1096e-09  1.49069e-09
        0.27 -3.09442e-09  1.54491e-09
        0.28  -3.0787e-09  1.59926e-09
        0.29 -3.06244e-09  1.65375e-09
         0.3 -3.04563e-09  1.70837e-09
        0.31 -3.02827e-09  1.76312e-09
        0.32 -3.01037e-09  1.81801e-09
        0.33 -2.99191e-09  1.87303e-09
        0.34 -2.97291e-09  1.92817e-09
        0.35 -2.95335e-09  1.98344e-09
        0.36 -2.93324e-09  2.03883e-09
        0.37 -2.91257e-09  2.09433e-09
        0.38 -2.89135e-09  2.14994e-09
        0.39 -2.86957e-09  2.20566e-09
         0.4 -2.84724e-09  2.26147e-09
        0.41 -2.82434e-09  2.31737e-09
        0.42 -2.80089e-09  2.37336e-09
        0.43 -2.77688e-09  2.42941e-09
        0.44  -2.7523e-09  2.48553e-09
        0.45 -2.72716e-09   2.5417e-09
        0.46 -2.70147e-09  2.59791e-09
        0.47 -2.67521e-09  2.65414e-09
        0.48 -2.64838e-09  2.71039e-09
        0.49   -2.621e-09  2.76665e-09
         0.5 -2.59305e-09  2.82289e-09
        0.51 -2.56454e-09   2.8791e-09
        0.52 -2.53547e-09  2.93526e-09
        0.53 -2.50584e-09  2.99136e-09
        0.54 -2.47564e-09  3.04739e-09
        0.55 -2.44489e-09  3.10331e-09
        0.56 -2.41358e-09  3.15912e-09
        0.57 -2.38171e-09  3.21479e-09
        0.58 -2.34928e-09  3.27029e-09
        0.59  -2.3163e-09  3.32562e-09
         0.6 -2.28277e-09  3.38074e-09
        0.61 -2.24869e-09  3.43563e-09
        0.62 -2.21406e-09  3.49027e-09
        0.63 -2.17888e-09  3.54463e-09
        0.64 -2.14316e-09  3.59868e-09
        0.65 -2.10691e-09  3.65241e-09
        0.66 -2.07011e-09  3.70577e-09
        0.67 -2.03279e-09  3.75875e-09
        0.68 -1.99494e-09  3.81131e-09
        0.69 -1.95656e-09  3.86342e-09
         0.7 -1.91767e-09  3.91505e-09
        0.71 -1.87826e-09  3.96618e-09
        0.72 -1.83835e-09  4.01676e-09
        0.73 -1.79793e-09  4.06677e-09
        0.74 -1.75701e-09  4.11617e-09
        0.75 -1.71561e-09  4.16492e-09
        0.76 -1.67371e-09    4.213e-09
        0.77 -1.63135e-09  4.26037e-09
        0.78 -1.58851e-09  4.30699e-09
        0.79 -1.54521e-09  4.35282e-09
         0.8 -1.50145e-09  4.39783e-09
        0.81 -1.45725e-09  4.44198e-09
        0.82 -1.41261e-09  4.48524e-09
        0.83 -1.36754e-09  4.52756e-09
        0.84 -1.32206e-09   4.5689e-09
        0.85 -1.27617e-09  4.60924e-09
        0.86 -1.22987e-09  4.64852e-09
        0.87  -1.1832e-09   4.6867e-09
        0.88 -1.13614e-09  4.72376e-09
        0.89 -1.08872e-09  4.75964e-09
         0.9 -1.04095e-09  4.79431e-09
        0.91 -9.92834e-10  4.82773e-09
        0.92 -9.44393e-10  4.85986e-09
        0.93 -8.95637e-10  4.89066e-09
        0.94  -8.4658e-10  4.92008e-09
        0.95 -7.97235e-10  4.94809e-09
        0.96 -7.47618e-10  4.97465e-09
        0.97 -6.97742e-10  4.99972e-09
        0.98 -6.47623e-10  5.02325e-09
        0.99 -5.97277e-10  5.04522e-09
           1 -5.46719e-10  5.06558e-09
        1.01 -4.95965e-10  5.08429e-09
        1.02 -4.45033e-10  5.10131e-09
        1.03 -3.93939e-10  5.11662e-09
        1.04 -3.42701e-10  5.13017e-09
        1.05 -2.91336e-10  5.14192e-09
        1.06 -2.39862e-10  5.15184e-09
        1.07 -1.88299e-10   5.1599e-09
        1.08 -1.36664e-10  5.16607e-09
        1.09 -8.49777e-11   5.1703e-09
         1.1 -3.32583e-11  5.17258e-09
        1.11  1.84739e-11  5.17286e-09
        1.12  7.01989e-11  5.17112e-09
        1.13  1.21896e-10  5.16734e-09
        1.14  1.73546e-10  5.16148e-09
        1.15  2.25126e-10  5.15351e-09
        1.16  2.76616e-10  5.14342e-09
        1.17  3.27994e-10  5.13119e-09
        1.18   3.7924e-10  5.11678e-09
        1.19   4.3033e-10  5.10018e-09
         1.2  4.81243e-10  5.08138e-09
        1.21  5.31958e-10  5.06035e-09
        1.22   5.8245e-10  5.03708e-09
        1.23  6.32699e-10  5.01156e-09
        1.24  6.82681e-10  4.98377e-09
        1.25  7.32375e-10  4.95371e-09
        1.26  7.81756e-10  4.92136e-09
        1.27  8.30802e-10  4.88673e-09
        1.28   8.7949e-10  4.84981e-09
        1.29  9.27798e-10   4.8106e-09
         1.3  9.75702e-10  4.76909e-09
        1.31  1.02318e-09  4.72529e-09
        1.32  1.07021e-09  4.67921e-09
        1.33  1.11676e-09  4.63084e-09
        1.34  1.16282e-09  4.58021e-09
        1.35  1.20837e-09  4.52732e-09
        1.36  1.25337e-09  4.47219e-09
        1.37  1.29781e-09  4.41482e-09
        1.38  1.34167e-09  4.35525e-09
        1.39  1.38492e-09  4.29348e-09
         1.4  1.42754e-09  4.22955e-09
        1.41  1.46951e-09  4.16348e-09
        1.42  1.51081e-09  4.09529e-09
        1.43  1.55141e-09  4.02502e-09
        1.44  1.59131e-09   3.9527e-09
        1.45  1.63047e-09  3.87836e-09
        1.46  1.66887e-09  3.80204e-09
        1.47  1.70651e-09  3.72378e-09
        1.48  1.74335e-09  3.64362e-09
        1.49  1.77938e-09  3.56161e-09
         1.5  1.81458e-09  3.47779e-09
        1.51  1.84894e-09  3.39221e-09
        1.52  1.88243e-09  3.30492e-09
        1.53  1.91504e-09  3.21598e-09
        1.54  1.94675e-09  3.12543e-09
        1.55  1.97754e-09  3.03335e-09
        1.56  2.00741e-09  2.93978e-09
        1.57  2.03634e-09  2.84478e-09
        1.58  2.06431e-09  2.74843e-09
        1.59  2.09131e-09  2.65078e-09
         1.6  2.11732e-09  2.55191e-09
        1.61  2.14235e-09  2.45188e-09
        1.62  2.16636e-09  2.35076e-09
        1.63  2.18936e-09  2.24863e-09
        1.64  2.21133e-09  2.14555e-09
        1.65  2.23227e-09  2.04161e-09
        1.66  2.25217e-09  1.93687e-09
        1.67  2.27101e-09  1.83143e-09
        1.68   2.2888e-09  1.72535e-09
        1.69  2.30552e-09  1.61872e-09
         1.7  2.32117e-09  1.51161e-09
        1.71  2.33575e-09  1.40411e-09
        1.72  2.34925e-09  1.29631e-09
        1.73  2.36168e-09  1.18827e-09
        1.74  2.37302e-09   1.0801e-09
        1.75  2.38328e-09  9.71873e-10
        1.76  2.39245e-09  8.63672e-10
        1.77  2.40055e-09  7.55584e-10
        1.78  2.40757e-09  6.47694e-10
        1.79   2.4135e-09  5.40086e-10
         1.8  2.41837e-09  4.32847e-10
        1.81  2.42216e-09   3.2606e-10
        1.82  2.42489e-09   2.1981e-10
        1.83  2.42656e-09  1.14182e-10
        1.84  2.42717e-09  9.25717e-12
        1.85  2.42674e-09 -9.48804e-11
        1.86  2.42528e-09 -1.98149e-10
        1.87  2.42278e-09 -3.00468e-10
        1.88  2.41927e-09 -4.01758e-10
        1.89  2.41474e-09 -5.01939e-10
         1.9  2.40923e-09 -6.00935e-10
        1.91  2.40273e-09  -6.9867e-10
        1.92  2.39525e-09 -7.95069e-10
        1.93  2.38682e-09 -8.90059e-10
        1.94  2.37745e-09 -9.83569e-10
        1.95  2.36715e-09 -1.07553e-09
        1.96  2.35594e-09 -1.16587e-09
        1.97  2.34384e-09 -1.25454e-09
        1.98  2.33085e-09 -1.34146e-09
        1.99  2.31701e-09 -1.42657e-09
           2  2.30232e-09 -1.50981e-09
        2.01  2.28681e-09 -1.59114e-09
        2.02   2.2705e-09 -1.67049e-09
        2.03   2.2534e-09 -1.74782e-09
        2.04  2.23554e-09 -1.82307e-09
        2.05  2.21694e-09  -1.8962e-09
        2.06  2.19762e-09 -1.96717e-09
        2.07   2.1776e-09 -2.03593e-09
        2.08   2.1569e-09 -2.10246e-09
        2.09  2.13555e-09  -2.1667e-09
         2.1  2.11356e-09 -2.22864e-09
        2.11  2.09097e-09 -2.28825e-09
        2.12   2.0678e-09 -2.34549e-09
        2.13  2.04406e-09 -2.40035e-09
        2.14  2.01979e-09  -2.4528e-09
        2.15  1.99501e-09 -2.50284e-09
        2.16  1.96974e-09 -2.55044e-09
        2.17    1.944e-09  -2.5956e-09
        2.18  1.91782e-09 -2.63831e-09
        2.19  1.89123e-09 -2.67857e-09
         2.2  1.86425e-09 -2.71637e-09
        2.21  1.83691e-09 -2.75172e-09
        2.22  1.80922e-09 -2.78462e-09
        2.23  1.78121e-09 -2.81508e-09
        2.24  1.75292e-09 -2.84312e-09
        2.25  1.72435e-09 -2.86875e-09
        2.26  1.69554e-09 -2.89198e-09
        2.27  1.66651e-09 -2.91284e-09
        2.28  1.63728e-09 -2.93135e-09
        2.29  1.60788e-09 -2.94753e-09
         2.3  1.57833e-09 -2.96142e-09
        2.31  1.54866e-09 -2.97304e-09
        2.32  1.51887e-09 -2.98244e-09
        2.33  1.48901e-09 -2.98964e-09
        2.34  1.45908e-09 -2.99468e-09
        2.35  1.42911e-09 -2.99761e-09
        2.36  1.39913e-09 -2.99847e-09
        2.37  1.36914e-09 -2.99731e-09
        2.38  1.33918e-09 -2.99418e-09
        2.39  1.30926e-09 -2.98912e-09
         2.4   1.2794e-09 -2.98218e-09
        2.41  1.24962e-09 -2.97343e-09
        2.42  1.21993e-09 -2.96291e-09
        2.43  1.19036e-09 -2.95069e-09
        2.44  1.16092e-09 -2.93683e-09
        2.45  1.13162e-09 -2.92138e-09
        2.46  1.10249e-09  -2.9044e-09
        2.47  1.07353e-09 -2.88597e-09
        2.48  1.04477e-09 -2.86614e-09
        2.49  1.01621e-09 -2.84499e-09
         2.5   9.8787e-10 -2.82257e-09
        2.51  9.59759e-10 -2.79895e-09
        2.52  9.31891e-10 -2.77422e-09
        2.53  9.04275e-10 -2.74842e-09
        2.54  8.76922e-10 -2.72164e-09
        2.55  8.49842e-10 -2.69395e-09
        2.56  8.23043e-10 -2.66541e-09
        2.57  7.96534e-10 -2.63611e-09
        2.58  7.70321e-10  -2.6061e-09
        2.59  7.44412e-10 -2.57547e-09
         2.6  7.18812e-10 -2.54429e-09
        2.61  6.93526e-10 -2.51263e-09
        2.62  6.68559e-10 -2.48056e-09
        2.63  6.43915e-10 -2.44816e-09
        2.64  6.19596e-10  -2.4155e-09
        2.65  5.95605e-10 -2.38265e-09
        2.66  5.71943e-10  -2.3497e-09
        2.67  5.48611e-10 -2.31671e-09
        2.68  5.25609e-10 -2.28375e-09
        2.69  5.02936e-10 -2.25091e-09
         2.7  4.80591e-10 -2.21825e-09
        2.71  4.58571e-10 -2.18585e-09
        2.72  4.36874e-10 -2.15378e-09
        2.73  4.15495e-10 -2.12212e-09
        2.74  3.94431e-10 -2.09095e-09
        2.75  3.73677e-10 -2.06033e-09
        2.76  3.53225e-10 -2.03034e-09
        2.77   3.3307e-10 -2.00106e-09
        2.78  3.13204e-10 -1.97256e-09
        2.79  2.93619e-10 -1.94492e-09
         2.8  2.74305e-10 -1.91821e-09
        2.81  2.55254e-10 -1.89252e-09
        2.82  2.36455e-10 -1.86792e-09
        2.83  2.17896e-10 -1.84449e-09
        2.84  1.99565e-10 -1.82231e-09
        2.85   1.8145e-10 -1.80147e-09
        2.86  1.63536e-10 -1.78205e-09
        2.87  1.45809e-10 -1.76413e-09
        2.88  1.28253e-10 -1.74781e-09
        2.89  1.10852e-10 -1.73317e-09
         2.9  9.35895e-11 -1.72032e-09
        2.91   7.6446e-11 -1.70933e-09
        2.92  5.94028e-11 -1.70032e-09
        2.93  4.24396e-11 -1.69339e-09
        2.94  2.55349e-11 -1.68865e-09
        2.95  8.66647e-12 -1.68622e-09
        2.96 -8.18938e-12  -1.6862e-09
        2.97 -2.50574e-11 -1.68872e-09
        2.98 -4.19638e-11 -1.69392e-09
        2.99 -5.89358e-11 -1.70193e-09
           3 -7.60024e-11  -1.7129e-09
