          -3  2.26225e-06            0
       -2.99  2.26616e-06  7.76934e-07
       -2.98  2.27779e-06  1.54438e-06
       -2.97  2.29705e-06  2.30492e-06
       -2.96  2.32389e-06  3.06101e-06
       -2.95  2.35827e-06  3.81497e-06
       -2.94  2.40019e-06  4.56899e-06
       -2.93  2.44965e-06  5.32515e-06
       -2.92  2.50669e-06  6.08545e-06
       -2.91  2.57136e-06  6.85176e-06
        -2.9  2.64373e-06   7.6259e-06
       -2.89  2.72388e-06  8.40958e-06
       -2.88  2.81192e-06  9.20445e-06
       -2.87  2.90797e-06  1.00121e-05
       -2.86  3.01216e-06   1.0834e-05
       -2.85  3.12465e-06  1.16716e-05
       -2.84  3.24559e-06  1.25264e-05
       -2.83  3.37517e-06  1.33995e-05
       -2.82  3.51358e-06  1.42925e-05
       -2.81  3.66102e-06  1.52063e-05
        -2.8  3.81771e-06  1.61424e-05
       -2.79  3.98387e-06  1.71017e-05
       -2.78  4.15974e-06  1.80853e-05
       -2.77  4.34558e-06  1.90944e-05
       -2.76  4.54163e-06  2.01299e-05
       -2.75  4.74818e-06  2.11928e-05
       -2.74  4.96549e-06   2.2284e-05
       -2.73  5.19386e-06  2.34043e-05
       -2.72  5.43357e-06  2.45547e-05
       -2.71  5.68495e-06  2.57358e-05
        -2.7  5.94829e-06  2.69484e-05
       -2.69  6.22392e-06  2.81933e-05
       -2.68  6.51216e-06  2.94711e-05
       -2.67  6.81334e-06  3.07823e-05
       -2.66   7.1278e-06  3.21276e-05
       -2.65  7.45589e-06  3.35075e-05
       -2.64  7.79795e-06  3.49224e-05
       -2.63  8.15434e-06  3.63727e-05
       -2.62  8.52541e-06  3.78588e-05
       -2.61  8.91151e-06   3.9381e-05
        -2.6  9.31303e-06  4.09396e-05
       -2.59  9.73031e-06  4.25348e-05
       -2.58  1.01637e-05  4.41666e-05
       -2.57  1.06136e-05  4.58352e-05
       -2.56  1.10804e-05  4.75407e-05
       -2.55  1.15645e-05  4.92829e-05
       -2.54  1.20661e-05  5.10617e-05
       -2.53  1.25857e-05   5.2877e-05
       -2.52  1.31236e-05  5.47286e-05
       -2.51  1.36803e-05  5.66161e-05
        -2.5  1.42559e-05  5.85392e-05
       -2.49   1.4851e-05  6.04975e-05
       -2.48  1.54659e-05  6.24903e-05
       -2.47  1.61008e-05  6.45171e-05
       -2.46  1.67562e-05  6.65773e-05
       -2.45  1.74324e-05  6.86701e-05
       -2.44  1.81296e-05  7.07947e-05
       -2.43  1.88483e-05  7.29502e-05
       -2.42  1.95886e-05  7.51355e-05
       -2.41   2.0351e-05  7.73497e-05
        -2.4  2.11356e-05  7.95916e-05
       -2.39  2.19428e-05    8.186e-05
       -2.38  2.27728e-05  8.41536e-05
       -2.37  2.36259e-05   8.6471e-05
       -2.36  2.45023e-05  8.88106e-05
       -2.35  2.54021e-05  9.11711e-05
       -2.34  2.63257e-05  9.35506e-05
       -2.33  2.72731e-05  9.59476e-05
       -2.32  2.82446e-05  9.83602e-05
       -2.31  2.92403e-05  0.000100786
        -2.3  3.02604e-05  0.000103225
       -2.29  3.13048e-05  0.000105672
       -2.28  3.23738e-05  0.000108128
       -2.27  3.34674e-05  0.000110588
       -2.26  3.45856e-05  0.000113052
       -2.25  3.57284e-05  0.000115516
       -2.24  3.68959e-05  0.000117979
       -2.23   3.8088e-05  0.000120438
       -2.22  3.93047e-05  0.000122889
       -2.21  4.05458e-05  0.000125331
        -2.2  4.18113e-05  0.000127761
       -2.19   4.3101e-05  0.000130176
       -2.18  4.44148e-05  0.000132573
       -2.17  4.57525e-05   0.00013495
       -2.16  4.71138e-05  0.000137302
       -2.15  4.84985e-05  0.000139628
       -2.14  4.99064e-05  0.000141924
       -2.13   5.1337e-05  0.000144187
       -2.12  5.27901e-05  0.000146413
       -2.11  5.42653e-05  0.000148601
        -2.1  5.57621e-05  0.000150746
       -2.09  5.72802e-05  0.000152845
       -2.08   5.8819e-05  0.000154894
       -2.07  6.03781e-05  0.000156891
       -2.06  6.19568e-05  0.000158833
       -2.05  6.35547e-05  0.000160714
       -2.04  6.51711e-05  0.000162534
       -2.03  6.68054e-05  0.000164287
       -2.02  6.84568e-05   0.00016597
       -2.01  7.01248e-05  0.000167581
          -2  7.18085e-05  0.000169116
       -1.99  7.35071e-05   0.00017057
       -1.98  7.52199e-05  0.000171942
       -1.97  7.69459e-05  0.000173228
       -1.96  7.86844e-05  0.000174423
       -1.95  8.04344e-05  0.000175526
       -1.94  8.21949e-05  0.000176532
       -1.93  8.39651e-05  0.000177439
       -1.92  8.57437e-05  0.000178244
       -1.91  8.75299e-05  0.000178942
        -1.9  8.93226e-05  0.000179532
       -1.89  9.11206e-05   0.00018001
       -1.88  9.29228e-05  0.000180374
       -1.87  9.47281e-05   0.00018062
       -1.86  9.65352e-05  0.000180745
       -1.85   9.8343e-05  0.000180748
       -1.84   0.00010015  0.000180625
       -1.83  0.000101955  0.000180373
       -1.82  0.000103758  0.000179992
       -1.81  0.000105555  0.000179477
        -1.8  0.000107347  0.000178827
       -1.79  0.000109132   0.00017804
       -1.78  0.000110908  0.000177115
       -1.77  0.000112674  0.000176048
       -1.76  0.000114429  0.000174838
       -1.75  0.000116171  0.000173484
       -1.74  0.000117899  0.000171984
       -1.73  0.000119611  0.000170337
       -1.72  0.000121305  0.000168542
       -1.71  0.000122981  0.000166597
        -1.7  0.000124637  0.000164502
       -1.69  0.000126271  0.000162256
       -1.68  0.000127882  0.000159858
       -1.67  0.000129469  0.000157308
       -1.66  0.000131029  0.000154606
       -1.65  0.000132561  0.000151751
       -1.64  0.000134064  0.000148743
       -1.63  0.000135536  0.000145583
       -1.62  0.000136975   0.00014227
       -1.61  0.000138381  0.000138806
        -1.6  0.000139751  0.000135191
       -1.59  0.000141085  0.000131426
       -1.58   0.00014238  0.000127512
       -1.57  0.000143635   0.00012345
       -1.56  0.000144849  0.000119241
       -1.55   0.00014602  0.000114886
       -1.54  0.000147147  0.000110389
       -1.53  0.000148228  0.000105749
       -1.52  0.000149262   0.00010097
       -1.51  0.000150247  9.60528e-05
        -1.5  0.000151183  9.10006e-05
       -1.49  0.000152067  8.58155e-05
       -1.48  0.000152899  8.05002e-05
       -1.47  0.000153677  7.50575e-05
       -1.46    0.0001544  6.94902e-05
       -1.45  0.000155067  6.38016e-05
       -1.44  0.000155676  5.79947e-05
       -1.43  0.000156227  5.20731e-05
       -1.42  0.000156718  4.60402e-05
       -1.41  0.000157148  3.98997e-05
        -1.4  0.000157516  3.36553e-05
       -1.39  0.000157821  2.73111e-05
       -1.38  0.000158062   2.0871e-05
       -1.37  0.000158238  1.43394e-05
       -1.36  0.000158349  7.72037e-06
       -1.35  0.000158392  1.01847e-06
       -1.34  0.000158369 -5.76179e-06
       -1.33  0.000158277 -1.26158e-05
       -1.32  0.000158117 -1.95387e-05
       -1.31  0.000157886 -2.65258e-05
        -1.3  0.000157586  -3.3572e-05
       -1.29  0.000157215 -4.06725e-05
       -1.28  0.000156773 -4.78219e-05
       -1.27  0.000156259 -5.50153e-05
       -1.26  0.000155672 -6.22472e-05
       -1.25  0.000155014 -6.95125e-05
       -1.24  0.000154282 -7.68056e-05
       -1.23  0.000153478 -8.41212e-05
       -1.22    0.0001526 -9.14537e-05
       -1.21  0.000151648 -9.87977e-05
        -1.2  0.000150624 -0.000106148
       -1.19  0.000149526 -0.000113498
       -1.18  0.000148354 -0.000120842
       -1.17  0.000147109 -0.000128176
       -1.16   0.00014579 -0.000135493
       -1.15  0.000144399 -0.000142787
       -1.14  0.000142935 -0.000150054
       -1.13  0.000141398 -0.000157286
       -1.12  0.000139789  -0.00016448
       -1.11  0.000138108 -0.000171628
        -1.1  0.000136356 -0.000178725
       -1.09  0.000134534 -0.000185766
       -1.08  0.000132641 -0.000192745
       -1.07  0.000130679 -0.000199657
       -1.06  0.000128648 -0.000206495
       -1.05  0.000126549 -0.000213255
       -1.04  0.000124383 -0.000219931
       -1.03   0.00012215 -0.000226518
       -1.02  0.000119852  -0.00023301
       -1.01   0.00011749 -0.000239402
          -1  0.000115064 -0.000245689
       -0.99  0.000112576 -0.000251867
       -0.98  0.000110027 -0.000257929
       -0.97  0.000107418 -0.000263871
       -0.96   0.00010475 -0.000269688
       -0.95  0.000102024 -0.000275376
       -0.94   9.9242e-05 -0.000280929
       -0.93  9.64053e-05 -0.000286344
       -0.92  9.35152e-05 -0.000291615
       -0.91   9.0573e-05 -0.000296739
        -0.9  8.75804e-05 -0.000301711
       -0.89  8.45388e-05 -0.000306527
       -0.88  8.14498e-05 -0.000311184
       -0.87  7.83151e-05 -0.000315676
       -0.86  7.51363e-05 -0.000320002
       -0.85  7.19151e-05 -0.000324156
       -0.84  6.86532e-05 -0.000328136
       -0.83  6.53524e-05 -0.000331937
       -0.82  6.20144e-05 -0.000335558
       -0.81  5.86412e-05 -0.000338995
        -0.8  5.52345e-05 -0.000342244
       -0.79  5.17963e-05 -0.000345304
       -0.78  4.83285e-05 -0.000348171
       -0.77  4.48329e-05 -0.000350844
       -0.76  4.13116e-05 -0.000353319
       -0.75  3.77665e-05 -0.000355594
       -0.74  3.41997e-05 -0.000357668
       -0.73  3.06132e-05 -0.000359538
       -0.72   2.7009e-05 -0.000361203
       -0.71  2.33891e-05 -0.000362661
        -0.7  1.97557e-05 -0.000363911
       -0.69  1.61109e-05 -0.000364951
       -0.68  1.24567e-05  -0.00036578
       -0.67  8.79529e-06 -0.000366398
       -0.66  5.12875e-06 -0.000366803
       -0.65  1.45922e-06 -0.000366995
       -0.64 -2.21116e-06 -0.000366973
       -0.63 -5.88024e-06 -0.000366737
       -0.62  -9.5459e-06 -0.000366286
       -0.61  -1.3206e-05 -0.000365621
        -0.6 -1.68583e-05 -0.000364742
       -0.59 -2.05008e-05 -0.000363648
       -0.58 -2.41313e-05 -0.000362341
       -0.57 -2.77476e-05  -0.00036082
       -0.56 -3.13477e-05 -0.000359086
       -0.55 -3.49294e-05 -0.000357141
       -0.54 -3.84905e-05 -0.000354985
       -0.53 -4.20291e-05 -0.000352619
       -0.52 -4.55429e-05 -0.000350045
       -0.51   -4.903e-05 -0.000347263
        -0.5 -5.24882e-05 -0.000344276
       -0.49 -5.59155e-05 -0.000341085
       -0.48 -5.93099e-05 -0.000337692
       -0.47 -6.26693e-05 -0.000334098
       -0.46 -6.59918e-05 -0.000330307
       -0.45 -6.92755e-05 -0.000326319
       -0.44 -7.25182e-05 -0.000322138
       -0.43 -7.57182e-05 -0.000317765
       -0.42 -7.88735e-05 -0.000313204
       -0.41 -8.19823e-05 -0.000308456
        -0.4 -8.50426e-05 -0.000303526
       -0.39 -8.80528e-05 -0.000298415
       -0.38 -9.10109e-05 -0.000293127
       -0.37 -9.39153e-05 -0.000287665
       -0.36 -9.67642e-05 -0.000282031
       -0.35  -9.9556e-05 -0.000276231
       -0.34 -0.000102289 -0.000270266
       -0.33 -0.000104961 -0.000264141
       -0.32 -0.000107572 -0.000257858
       -0.31 -0.000110118 -0.000251423
        -0.3   -0.0001126 -0.000244838
       -0.29 -0.000115015 -0.000238108
       -0.28 -0.000117362 -0.000231236
       -0.27  -0.00011964 -0.000224228
       -0.26 -0.000121847 -0.000217086
       -0.25 -0.000123982 -0.000209815
       -0.24 -0.000126043  -0.00020242
       -0.23  -0.00012803 -0.000194904
       -0.22 -0.000129941 -0.000187273
       -0.21 -0.000131776 -0.000179531
        -0.2 -0.000133532 -0.000171683
       -0.19 -0.000135209 -0.000163733
       -0.18 -0.000136806 -0.000155685
       -0.17 -0.000138323 -0.000147546
       -0.16 -0.000139757 -0.000139319
       -0.15 -0.000141109 -0.000131009
       -0.14 -0.000142378 -0.000122622
       -0.13 -0.000143562 -0.000114162
       -0.12 -0.000144661 -0.000105634
       -0.11 -0.000145674 -9.70444e-05
        -0.1 -0.000146602 -8.83969e-05
       -0.09 -0.000147442  -7.9697e-05
       -0.08 -0.000148196   -7.095e-05
       -0.07 -0.000148861  -6.2161e-05
       -0.06 -0.000149439 -5.33352e-05
       -0.05 -0.000149928 -4.44778e-05
       -0.04 -0.000150328 -3.55941e-05
       -0.03  -0.00015064 -2.66893e-05
       -0.02 -0.000150862 -1.77688e-05
       -0.01 -0.000150995 -8.83771e-06
-1.96752e-14 -0.000151039  9.85977e-08
        0.01 -0.000150993  9.03484e-06
        0.02 -0.000150858  1.79657e-05
        0.03 -0.000150634   2.6886e-05
        0.04 -0.000150321  3.57904e-05
        0.05 -0.000149918  4.46735e-05
        0.06 -0.000149427  5.35303e-05
        0.07 -0.000148848  6.23553e-05
        0.08  -0.00014818  7.11435e-05
        0.09 -0.000147425  7.98895e-05
         0.1 -0.000146582  8.85882e-05
        0.11 -0.000145653  9.72345e-05
        0.12 -0.000144637  0.000105823
        0.13 -0.000143536  0.000114349
        0.14 -0.000142351  0.000122808
        0.15  -0.00014108  0.000131193
        0.16 -0.000139727  0.000139501
        0.17  -0.00013829  0.000147726
        0.18 -0.000136772  0.000155864
        0.19 -0.000135173  0.000163909
         0.2 -0.000133494  0.000171857
        0.21 -0.000131736  0.000179703
        0.22   -0.0001299  0.000187443
        0.23 -0.000127987  0.000195071
        0.24 -0.000125998  0.000202584
        0.25 -0.000123935  0.000209977
        0.26 -0.000121799  0.000217245
        0.27  -0.00011959  0.000224384
        0.28 -0.000117311   0.00023139
        0.29 -0.000114963  0.000238258
         0.3 -0.000112546  0.000244985
        0.31 -0.000110063  0.000251567
        0.32 -0.000107515  0.000257999
        0.33 -0.000104903  0.000264278
        0.34 -0.000102229  0.000270399
        0.35  -9.9495e-05  0.000276361
        0.36  -9.6702e-05  0.000282158
        0.37 -9.38518e-05  0.000287787
        0.38 -9.09462e-05  0.000293246
        0.39 -8.79869e-05   0.00029853
         0.4 -8.49756e-05  0.000303637
        0.41 -8.19142e-05  0.000308564
        0.42 -7.88044e-05  0.000313307
        0.43  -7.5648e-05  0.000317864
        0.44 -7.24471e-05  0.000322232
        0.45 -6.92034e-05   0.00032641
        0.46 -6.59189e-05  0.000330393
        0.47 -6.25955e-05   0.00033418
        0.48 -5.92353e-05  0.000337769
        0.49 -5.58401e-05  0.000341158
         0.5 -5.24121e-05  0.000344345
        0.51 -4.89532e-05  0.000347328
        0.52 -4.54656e-05  0.000350105
        0.53 -4.19512e-05  0.000352674
        0.54 -3.84121e-05  0.000355036
        0.55 -3.48504e-05  0.000357187
        0.56 -3.12683e-05  0.000359128
        0.57 -2.76679e-05  0.000360856
        0.58 -2.40512e-05  0.000362373
        0.59 -2.04204e-05  0.000363675
         0.6 -1.67777e-05  0.000364764
        0.61 -1.31251e-05  0.000365639
        0.62 -9.46492e-06  0.000366299
        0.63 -5.79916e-06  0.000366745
        0.64 -2.13001e-06  0.000366977
        0.65  1.54037e-06  0.000366994
        0.66  5.20986e-06  0.000366797
        0.67  8.87632e-06  0.000366388
        0.68  1.25376e-05  0.000365765
        0.69  1.61916e-05  0.000364931
         0.7  1.98362e-05  0.000363886
        0.71  2.34693e-05  0.000362632
        0.72  2.70889e-05  0.000361169
        0.73  3.06927e-05  0.000359499
        0.74  3.42789e-05  0.000357624
        0.75  3.78452e-05  0.000355546
        0.76  4.13898e-05  0.000353266
        0.77  4.49105e-05  0.000350787
        0.78  4.84055e-05   0.00034811
        0.79  5.18727e-05  0.000345239
         0.8  5.53103e-05  0.000342174
        0.81  5.87162e-05  0.000338921
        0.82  6.20887e-05   0.00033548
        0.83  6.54258e-05  0.000331855
        0.84  6.87258e-05  0.000328049
        0.85  7.19868e-05  0.000324065
        0.86  7.52071e-05  0.000319907
        0.87  7.83849e-05  0.000315578
        0.88  8.15186e-05  0.000311081
        0.89  8.46066e-05  0.000306421
         0.9  8.76471e-05  0.000301601
        0.91  9.06386e-05  0.000296625
        0.92  9.35796e-05  0.000291497
        0.93  9.64685e-05  0.000286222
        0.94   9.9304e-05  0.000280804
        0.95  0.000102085  0.000275248
        0.96  0.000104809  0.000269557
        0.97  0.000107476  0.000263736
        0.98  0.000110084  0.000257791
        0.99  0.000112632  0.000251726
           1  0.000115118  0.000245546
        1.01  0.000117542  0.000239255
        1.02  0.000119903   0.00023286
        1.03    0.0001222  0.000226366
        1.04  0.000124431  0.000219776
        1.05  0.000126595  0.000213098
        1.06  0.000128693  0.000206335
        1.07  0.000130722  0.000199495
        1.08  0.000132682  0.000192581
        1.09  0.000134574    0.0001856
         1.1  0.000136394  0.000178557
        1.11  0.000138145  0.000171458
        1.12  0.000139824  0.000164308
        1.13  0.000141431  0.000157113
        1.14  0.000142966  0.000149878
        1.15  0.000144428   0.00014261
        1.16  0.000145818  0.000135314
        1.17  0.000147135  0.000127996
        1.18  0.000148378  0.000120661
        1.19  0.000149548  0.000113315
         1.2  0.000150644  0.000105964
        1.21  0.000151667  9.86135e-05
        1.22  0.000152617  9.12687e-05
        1.23  0.000153493  8.39354e-05
        1.24  0.000154295  7.66191e-05
        1.25  0.000155025  6.93254e-05
        1.26  0.000155682  6.20597e-05
        1.27  0.000156266  5.48273e-05
        1.28  0.000156778  4.76337e-05
        1.29  0.000157219   4.0484e-05
         1.3  0.000157588  3.33834e-05
        1.31  0.000157886  2.63371e-05
        1.32  0.000158115  1.93501e-05
        1.33  0.000158273  1.24273e-05
        1.34  0.000158363  5.57351e-06
        1.35  0.000158385 -1.20647e-06
        1.36  0.000158339   -7.908e-06
        1.37  0.000158227 -1.45266e-05
        1.38  0.000158049 -2.10577e-05
        1.39  0.000157806 -2.74972e-05
         1.4  0.000157499 -3.38408e-05
        1.41  0.000157129 -4.00844e-05
        1.42  0.000156697 -4.62242e-05
        1.43  0.000156204 -5.22563e-05
        1.44  0.000155652  -5.8177e-05
        1.45  0.000155041 -6.39829e-05
        1.46  0.000154372 -6.96706e-05
        1.47  0.000153647 -7.52368e-05
        1.48  0.000152867 -8.06784e-05
        1.49  0.000152034 -8.59926e-05
         1.5  0.000151148 -9.11765e-05
        1.51   0.00015021 -9.62275e-05
        1.52  0.000149223 -0.000101143
        1.53  0.000148187 -0.000105921
        1.54  0.000147105  -0.00011056
        1.55  0.000145976 -0.000115056
        1.56  0.000144804 -0.000119409
        1.57  0.000143588 -0.000123617
        1.58  0.000142331 -0.000127678
        1.59  0.000141034 -0.000131591
         1.6  0.000139699 -0.000135354
        1.61  0.000138327 -0.000138968
        1.62   0.00013692 -0.000142431
        1.63  0.000135479 -0.000145742
        1.64  0.000134005   -0.0001489
        1.65  0.000132501 -0.000151907
        1.66  0.000130967 -0.000154761
        1.67  0.000129406 -0.000157462
        1.68  0.000127818 -0.000160011
        1.69  0.000126205 -0.000162407
         1.7   0.00012457 -0.000164652
        1.71  0.000122912 -0.000166746
        1.72  0.000121235 -0.000168689
        1.73  0.000119539 -0.000170484
        1.74  0.000117825  -0.00017213
        1.75  0.000116096 -0.000173628
        1.76  0.000114353 -0.000174982
        1.77  0.000112596  -0.00017619
        1.78  0.000110829 -0.000177257
        1.79  0.000109051 -0.000178182
         1.8  0.000107265 -0.000178968
        1.81  0.000105472 -0.000179617
        1.82  0.000103673 -0.000180131
        1.83  0.000101869 -0.000180513
        1.84  0.000100062 -0.000180764
        1.85  9.82539e-05 -0.000180887
        1.86  9.64448e-05 -0.000180884
        1.87  9.46362e-05 -0.000180759
        1.88  9.28296e-05 -0.000180513
        1.89   9.1026e-05  -0.00018015
         1.9  8.92266e-05 -0.000179673
        1.91  8.74325e-05 -0.000179083
        1.92  8.56449e-05 -0.000178386
        1.93  8.38648e-05 -0.000177582
        1.94  8.20933e-05 -0.000176676
        1.95  8.03313e-05 -0.000175671
        1.96  7.85798e-05  -0.00017457
        1.97  7.68399e-05 -0.000173376
        1.98  7.51123e-05 -0.000172092
        1.99   7.3398e-05 -0.000170723
           2  7.16979e-05  -0.00016927
        2.01  7.00126e-05 -0.000167738
        2.02  6.83431e-05  -0.00016613
        2.03    6.669e-05 -0.000164449
        2.04  6.50541e-05 -0.000162699
        2.05  6.34361e-05 -0.000160883
        2.06  6.18365e-05 -0.000159005
        2.07   6.0256e-05 -0.000157067
        2.08  5.86951e-05 -0.000155074
        2.09  5.71545e-05 -0.000153029
         2.1  5.56345e-05 -0.000150935
        2.11  5.41358e-05 -0.000148795
        2.12  5.26586e-05 -0.000146613
        2.13  5.12035e-05 -0.000144392
        2.14  4.97708e-05 -0.000142135
        2.15  4.83608e-05 -0.000139846
        2.16  4.69739e-05 -0.000137527
        2.17  4.56103e-05 -0.000135181
        2.18  4.42703e-05 -0.000132812
        2.19   4.2954e-05 -0.000130423
         2.2  4.16618e-05 -0.000128017
        2.21  4.03937e-05 -0.000125596
        2.22  3.91499e-05 -0.000123163
        2.23  3.79304e-05 -0.000120721
        2.24  3.67354e-05 -0.000118273
        2.25   3.5565e-05 -0.000115822
        2.26   3.4419e-05 -0.000113369
        2.27  3.32976e-05 -0.000110917
        2.28  3.22007e-05 -0.000108469
        2.29  3.11282e-05 -0.000106027
         2.3  3.00801e-05 -0.000103594
        2.31  2.90563e-05 -0.000101171
        2.32  2.80567e-05 -9.87603e-05
        2.33  2.70811e-05 -9.63642e-05
        2.34  2.61294e-05 -9.39846e-05
        2.35  2.52014e-05 -9.16233e-05
        2.36   2.4297e-05 -8.92821e-05
        2.37  2.34158e-05 -8.69626e-05
        2.38  2.25577e-05 -8.46665e-05
        2.39  2.17225e-05 -8.23953e-05
         2.4  2.09098e-05 -8.01504e-05
        2.41  2.01195e-05 -7.79332e-05
        2.42  1.93511e-05  -7.5745e-05
        2.43  1.86046e-05  -7.3587e-05
        2.44  1.78794e-05 -7.14604e-05
        2.45  1.71753e-05 -6.93661e-05
        2.46  1.64921e-05 -6.73052e-05
        2.47  1.58292e-05 -6.52786e-05
        2.48  1.51865e-05 -6.32872e-05
        2.49  1.45635e-05 -6.13316e-05
         2.5  1.39599e-05 -5.94127e-05
        2.51  1.33752e-05  -5.7531e-05
        2.52  1.28092e-05 -5.56871e-05
        2.53  1.22615e-05 -5.38815e-05
        2.54  1.17316e-05 -5.21147e-05
        2.55  1.12192e-05 -5.03871e-05
        2.56  1.07239e-05 -4.86989e-05
        2.57  1.02452e-05 -4.70505e-05
        2.58  9.78287e-06  -4.5442e-05
        2.59  9.33639e-06 -4.38738e-05
         2.6  8.90539e-06 -4.23458e-05
        2.61  8.48947e-06 -4.08582e-05
        2.62  8.08823e-06  -3.9411e-05
        2.63  7.70125e-06 -3.80042e-05
        2.64  7.32814e-06 -3.66379e-05
        2.65   6.9685e-06 -3.53118e-05
        2.66  6.62191e-06  -3.4026e-05
        2.67  6.28798e-06 -3.27802e-05
        2.68   5.9663e-06 -3.15744e-05
        2.69  5.65649e-06 -3.04084e-05
         2.7  5.35813e-06  -2.9282e-05
        2.71  5.07085e-06 -2.81949e-05
        2.72  4.79424e-06  -2.7147e-05
        2.73  4.52791e-06  -2.6138e-05
        2.74  4.27148e-06 -2.51677e-05
        2.75  4.02456e-06 -2.42358e-05
        2.76  3.78676e-06 -2.33421e-05
        2.77  3.55771e-06 -2.24865e-05
        2.78  3.33703e-06 -2.16685e-05
        2.79  3.12434e-06 -2.08881e-05
         2.8  2.91927e-06 -2.01451e-05
        2.81  2.72144e-06 -1.94392e-05
        2.82  2.53049e-06 -1.87703e-05
        2.83  2.34603e-06 -1.81383e-05
        2.84  2.16772e-06 -1.75431e-05
        2.85  1.99517e-06 -1.69847e-05
        2.86  1.82803e-06 -1.64629e-05
        2.87  1.66591e-06  -1.5978e-05
        2.88  1.50847e-06 -1.55299e-05
        2.89  1.35532e-06 -1.51188e-05
         2.9  1.20609e-06  -1.4745e-05
        2.91  1.06042e-06 -1.44087e-05
        2.92  9.17916e-07 -1.41103e-05
        2.93   7.7821e-07 -1.38502e-05
        2.94  6.40911e-07 -1.36291e-05
        2.95  5.05628e-07 -1.34476e-05
        2.96  3.71959e-07 -1.33065e-05
        2.97  2.39498e-07 -1.32066e-05
        2.98  1.07827e-07  -1.3149e-05
        2.99 -2.34824e-08  -1.3135e-05
           3 -1.54872e-07 -1.31657e-05
