0.2           0
0.2 -0.00993347
0.190067  -0.0993347
0.170687   -0.193797
0.142814   -0.278726
0.107825   -0.349891
0.0674552   -0.403699
0.0237151   -0.437401
-0.0212107   -0.449258
-0.065076   -0.438653
-0.10569   -0.406138
-0.141029   -0.353391
-0.16934   -0.283111
-0.189224   -0.198845
-0.199704   -0.104796
-0.200265 -0.00560633
-0.190879    0.093858
-0.172007    0.188719
-0.144577    0.274299
-0.109943    0.346336
-0.0698238    0.401197
-0.0262157    0.436081
0.018703    0.449187
0.0626866    0.439836
0.103538    0.408513
0.139222    0.356837
0.167967    0.287451
0.188353    0.203862
0.199377    0.110241
0.200498   0.0112118
0.191661  -0.0883669
0.1733   -0.183612
0.146317   -0.269829
0.112045   -0.342727
0.0721814   -0.398632
0.0287122   -0.434691
-0.0161923   -0.449046
-0.0602873    -0.44095
-0.10137   -0.410824
-0.137392   -0.360226
-0.166567   -0.291746
-0.187452   -0.208847
-0.199019   -0.115669
-0.2007  -0.0168155
-0.192414   0.0828622
-0.174566    0.178477
-0.148035    0.265317
-0.114128    0.339064
-0.0745277    0.396005
-0.0312043    0.433234
0.0136791    0.448834
0.0578785    0.441994
0.0991856    0.413071
0.135542     0.36356
0.165141    0.295996
0.186521      0.2138
0.198629    0.121079
0.200871   0.0224167
0.193136  -0.0773447
0.175805   -0.173314
0.149729   -0.260764
0.116194   -0.335349
0.0768622   -0.393315
0.0336914   -0.431708
-0.0111637   -0.448551
-0.0554607   -0.442969
-0.096986   -0.415253
-0.13367   -0.366836
-0.16369     -0.3002
-0.185562    -0.21872
-0.198209   -0.126471
-0.20101  -0.0280144
-0.193829   0.0718153
-0.177016    0.168124
-0.151399     0.25617
-0.118241    0.331581
-0.0791847    0.390564
-0.0361732    0.430115
0.00864662    0.448198
0.0530341    0.443874
0.094771     0.41737
0.131777    0.370055
0.162212    0.304357
0.184573    0.223607
0.197757    0.131843
0.201118   0.0336077
0.194491  -0.0662748
0.1782   -0.162908
0.153046   -0.251537
0.12027   -0.327762
0.0814947   -0.387752
0.0386493   -0.428454
-0.00612814   -0.447774
-0.0505991    -0.44471
-0.0925412   -0.419421
-0.129863   -0.373217
-0.16071   -0.308467
-0.183555   -0.228458
-0.197275   -0.137195
-0.201195  -0.0391959
-0.195122    0.060724
-0.179355    0.157667
-0.154669    0.246865
-0.12228    0.323891
-0.0837919    0.384879
-0.0411193    0.426726
0.00360869     0.44728
0.0481562    0.445475
0.0902969    0.421407
0.127929    0.376319
0.159182    0.312529
0.182509    0.233274
0.196762    0.142525
0.20124   0.0447781
0.195723  -0.0551639
0.180483   -0.152402
0.156268   -0.242154
0.12427    -0.31997
0.0860759   -0.381946
0.0435828   -0.424931
-0.00108868   -0.446715
-0.0457058   -0.446171
-0.0880384   -0.423326
-0.125975   -0.379364
-0.157629   -0.316543
-0.181434   -0.238054
-0.196218   -0.147834
-0.201253  -0.0503533
-0.196294   0.0495953
-0.181582    0.147113
-0.157842    0.237406
-0.126242       0.316
-0.0883464    0.378953
-0.0460395    0.423069
-0.0014315     0.44608
0.0432481    0.446796
0.085766    0.425179
0.124001    0.382348
0.156052    0.320507
0.180331    0.242797
0.195643     0.15312
0.201235   0.0559208
0.196833  -0.0440191
0.182653   -0.141802
0.159391   -0.232621
0.128193    -0.31198
0.090603   -0.375901
0.048489    -0.42114
0.00395146   -0.445375
-0.0407837   -0.447351
-0.0834801   -0.426965
-0.122007   -0.385273
-0.15445   -0.324421
-0.1792   -0.247503
-0.195038   -0.158382
-0.201186  -0.0614797
-0.197342   0.0384361
-0.183696    0.136468
-0.160916      0.2278
-0.130124    0.307911
-0.0928454     0.37279
-0.0509308    0.419146
-0.0064708      0.4446
0.0383128    0.447836
0.0811812    0.428684
0.119995    0.388138
0.152823    0.328284
0.17804     0.25217
0.194402    0.163619
0.201105   0.0670291
0.197821  -0.0328471
0.184709   -0.131114
0.162415   -0.222944
0.132035   -0.303795
0.0950732   -0.369621
0.0533647   -0.417086
0.00898912   -0.443755
-0.0358359    -0.44825
-0.0788694   -0.430336
-0.117964   -0.390942
-0.151173   -0.332097
-0.176853   -0.256798
-0.193736   -0.168831
-0.200993  -0.0725681
-0.198268   0.0272531
-0.185694    0.125739
-0.163889    0.218053
-0.133925    0.299631
-0.0972861    0.366394
-0.0557901     0.41496
-0.011506    0.442841
0.0333533    0.448593
0.0765453     0.43192
0.115914    0.393685
0.1495    0.335857
0.175638    0.261386
0.19304    0.174018
0.200849    0.078096
0.198684  -0.0216549
0.18665   -0.120345
0.165337   -0.213128
0.135795   -0.295421
0.0994837   -0.363109
0.0582067   -0.412769
0.0140211   -0.441856
-0.0308655   -0.448867
-0.0742092   -0.433436
-0.113846   -0.396366
-0.147802   -0.339566
-0.174396   -0.265933
-0.192313   -0.179177
-0.200674  -0.0836118
-0.199069   0.0160534
-0.187576    0.114932
-0.166759    0.208171
-0.137642    0.291164
-0.101666    0.359768
-0.0606142    0.410514
-0.016534    0.440802
0.0283729    0.449069
0.0718613    0.434884
0.11176    0.398985
0.146082    0.343221
0.173126     0.27044
0.191557    0.184308
0.200468   0.0891147
0.199423  -0.0104493
0.188473   -0.109501
0.168155   -0.203181
0.139469   -0.286863
0.103832   -0.356371
0.0630122   -0.408194
0.0190443   -0.439679
-0.0258758   -0.449201
-0.0695022   -0.436264
-0.109656   -0.401541
-0.144339   -0.346823
-0.171829   -0.274904
-0.19077   -0.189411
-0.200231  -0.0946039
-0.199746  0.00484371
-0.189341    0.104054
-0.169525     0.19816
-0.141273    0.282517
-0.105981    0.352919
-0.0654003     0.40581
-0.0215516    0.438487
0.0233746    0.449262
0.0671322    0.437576
0.107536    0.404035
0.142573     0.35037
0.170505    0.279325
0.189954    0.194485
0.199962    0.100079
0.200038 0.000762664
0.190179  -0.0985905
0.170868   -0.193108
0.143055   -0.278127
0.108114   -0.349411
0.067778   -0.403363
0.0240555   -0.437226
-0.0208697   -0.449252
-0.0647516   -0.438818
-0.105398   -0.406465
-0.140784   -0.353863
-0.169155   -0.283704
-0.189108   -0.199529
-0.199661   -0.105538
-0.200298 -0.00636892
-0.190987   0.0931119
-0.172184    0.188026
-0.144815    0.273693
-0.11023    0.345848
-0.0701451    0.400852
-0.0265556    0.435896
0.0183616    0.449172
0.0623608    0.439992
0.103244    0.408831
0.138974    0.357301
0.167778    0.288038
0.188232    0.204542
0.19933    0.110981
0.200527   0.0119742
0.191766  -0.0876189
0.173474   -0.182915
0.146552   -0.269218
0.112329   -0.342232
0.0725012   -0.398278
0.0290515   -0.434497
-0.0158506   -0.449021
-0.0599602   -0.441096
-0.101074   -0.411134
-0.137142   -0.360683
-0.166375   -0.292327
-0.187327   -0.209523
-0.198967   -0.116406
-0.200725  -0.0175776
-0.192514   0.0821124
-0.174736    0.177776
-0.148266      0.2647
-0.11441    0.338562
-0.0748459    0.395642
-0.0315429     0.43303
0.013337    0.448799
0.0575501    0.442131
0.0988873    0.413372
0.135288    0.364009
0.164945    0.296571
0.186392    0.214472
0.198574    0.121814
0.200892   0.0231784
0.193232  -0.0765932
0.175971   -0.172609
0.149957   -0.260142
0.116473   -0.334839
0.0771788   -0.392945
0.0340293   -0.431496
-0.0108214   -0.448507
-0.0551311   -0.443096
-0.0966855   -0.415545
-0.133413   -0.367277
-0.16349   -0.300768
-0.185429   -0.219387
-0.198149   -0.127203
-0.201027  -0.0287755
-0.19392   0.0710622
-0.177179    0.167416
-0.151625    0.255543
-0.118518    0.331065
-0.0794996    0.390185
-0.0365103    0.429893
0.00830409    0.448144
0.0527033    0.443992
0.0944686    0.417653
0.131517    0.370489
0.162009    0.304919
0.184436    0.224269
0.197693    0.132572
0.20113   0.0343682
0.194578  -0.0655203
0.178359   -0.162197
0.153268   -0.250904
0.120544   -0.327238
0.0818079   -0.387365
0.0389856   -0.428223
-0.00578546   -0.447711
-0.0502673   -0.444818
-0.0922368   -0.419695
-0.129601   -0.373642
-0.160503   -0.309023
-0.183415   -0.229115
-0.197207   -0.137921
-0.201202  -0.0399557
-0.195206   0.0599682
-0.17951    0.156952
-0.154888    0.246226
-0.122552    0.323361
-0.0841034    0.384484
-0.0414548    0.426486
0.00326591    0.447207
0.0478233    0.445574
0.0899905    0.421672
0.127664    0.376737
0.158972    0.313078
0.182365    0.233927
0.19669    0.143249
0.201243   0.0455369
0.195803  -0.0544069
0.180634   -0.151684
0.156483   -0.241511
0.12454   -0.319433
0.0863856   -0.381542
0.0439174   -0.424681
-0.000745854   -0.446633
-0.0453719    -0.44626
-0.0877301   -0.423582
-0.125707   -0.379773
-0.157416   -0.317085
-0.181286   -0.238702
-0.196141   -0.148554
-0.201253  -0.0511112
-0.196369   0.0488372
-0.18173    0.146392
-0.158054    0.236757
-0.126508    0.315456
-0.0886542    0.378541
-0.0463732     0.42281
-0.00177432    0.445989
0.0429133    0.446876
0.0854558    0.425426
0.123731     0.38275
0.155835    0.321042
0.180179     0.24344
0.195563    0.153837
0.20123   0.0566775
0.196904    -0.04326
0.182797   -0.141077
0.1596   -0.231967
0.128457   -0.311429
0.0909089   -0.375481
0.0488216   -0.420873
0.00429422   -0.445274
-0.0404479   -0.447421
-0.0831682   -0.427203
-0.121735   -0.385667
-0.15423   -0.324949
-0.179044    -0.24814
-0.194953   -0.159096
-0.201177  -0.0622351
-0.197409   0.0376761
-0.183835    0.135741
-0.161121    0.227142
-0.130386    0.307354
-0.0931493    0.372362
-0.0512624     0.41887
-0.00681344     0.44449
0.0379762    0.447896
0.0808674    0.428913
0.11972    0.388523
0.1526    0.328806
0.177881    0.252802
0.194313     0.16433
0.201092   0.0677832
0.197883  -0.0320864
0.184845   -0.130384
0.162617   -0.222281
0.132294   -0.303231
0.0953751   -0.369185
0.0536951     -0.4168
0.00933159   -0.443635
-0.0354985   -0.448301
-0.078554   -0.430555
-0.117686   -0.391319
-0.150947   -0.332611
-0.176689   -0.257424
-0.193643   -0.169538
-0.200975  -0.0733208
-0.198326   0.0264918
-0.185826    0.125006
-0.164087    0.217385
-0.134181    0.299061
-0.0975859     0.36595
-0.0561193    0.414666
-0.0118483    0.442711
0.0330152    0.448635
0.0762282     0.43213
0.115634    0.394053
0.14927    0.336365
0.175471    0.262007
0.192943    0.174721
0.200828    0.078847
0.198738  -0.0208931
0.186777   -0.119609
0.165532   -0.212456
0.136047   -0.294844
0.0997814   -0.362658
0.0585348   -0.412466
0.0143631   -0.441717
-0.0305267   -0.448898
-0.0738905   -0.433637
-0.113563   -0.396726
-0.14757   -0.340066
-0.174225   -0.266549
-0.192212   -0.179877
-0.200648  -0.0843612
-0.199119   0.0152912
-0.1877    0.114194
-0.16695    0.207494
-0.137892    0.290582
-0.101961     0.35931
-0.060941    0.410202
-0.0168756    0.440654
0.0280335    0.449091
0.0715411    0.435076
0.111475    0.399336
0.145846    0.343714
0.172951    0.271049
0.191451    0.185004
0.200438   0.0898623
0.199469 -0.00968687
0.188593   -0.108761
0.168343     -0.2025
0.139715   -0.286274
0.104125   -0.355905
0.0633376   -0.407873
0.0193855   -0.439521
-0.0255358   -0.449213
-0.0691804   -0.436447
-0.109369   -0.401884
-0.1441   -0.347309
-0.17165   -0.275508
-0.190661   -0.190103
-0.200196  -0.0953495
-0.199788  0.00408109
-0.189456    0.103312
-0.169709    0.197474
-0.141517    0.281922
-0.106272    0.352445
-0.0657243    0.405481
-0.0218924    0.438319
0.0230341    0.449265
0.0668089    0.437749
0.107246    0.404369
0.142331    0.350849
0.170323    0.279923
0.18984    0.195173
0.199923    0.100822
0.200075  0.00152533
0.19029  -0.0978461
0.171049   -0.192418
0.143296   -0.277526
0.108403   -0.348929
0.0681007   -0.403025
0.0243958   -0.437049
-0.0205287   -0.449245
-0.0644269   -0.438982
-0.105106   -0.406791
-0.140539   -0.354334
-0.168969   -0.284296
-0.18899   -0.200213
-0.199618   -0.106279
-0.200331  -0.0071315
-0.191095   0.0923655
-0.172361    0.187332
-0.145053    0.273087
-0.110517    0.345359
-0.0704663    0.400505
-0.0268954    0.435709
0.0180202    0.449155
0.0620348    0.440146
0.10295    0.409148
0.138726    0.357764
0.167588    0.288624
0.188111    0.205221
0.199283     0.11172
0.200556   0.0127366
0.191869  -0.0868706
0.173647   -0.182218
0.146787   -0.268606
0.112613   -0.341736
0.0728209   -0.397923
0.0293907   -0.434302
-0.0155088   -0.448995
-0.0596329   -0.441241
-0.100777   -0.411442
-0.136891   -0.361139
-0.166182   -0.292907
-0.187201   -0.210198
-0.198916   -0.117143
-0.20075  -0.0183397
-0.192613   0.0813623
-0.174906    0.177075
-0.148498    0.264082
-0.114692    0.338059
-0.075164    0.395279
-0.0318814    0.432826
0.012995    0.448764
0.0572216    0.442266
0.0985887    0.413671
0.135034    0.364457
0.164749    0.297144
0.186263    0.215142
0.198518    0.122548
0.200912     0.02394
0.193328  -0.0758415
0.176137   -0.171904
0.150185   -0.259518
0.116753   -0.334329
0.0774953   -0.392573
0.0343671   -0.431282
-0.0104791   -0.448462
-0.0548013   -0.443222
-0.0963848   -0.415835
-0.133157   -0.367718
-0.16329   -0.301336
-0.185295   -0.220053
-0.198089   -0.127935
-0.201043  -0.0295366
-0.194012   0.0703089
-0.177341    0.166707
-0.15185    0.254914
-0.118795    0.330547
-0.0798144    0.389805
-0.0368474     0.42967
0.00796154    0.448089
0.0523724    0.444109
0.0941658    0.417934
0.131258    0.370921
0.161806     0.30548
0.184299     0.22493
0.197629    0.133301
0.201142   0.0351286
0.194665  -0.0647656
0.178517   -0.161485
0.15349    -0.25027
0.120819   -0.326714
0.0821209   -0.386976
0.0393219   -0.427991
-0.00544276   -0.447646
-0.0499353   -0.444925
-0.0919321   -0.419968
-0.129339   -0.374067
-0.160296   -0.309577
-0.183274   -0.229772
-0.197138   -0.138647
-0.20121  -0.0407153
-0.195289   0.0592122
-0.179665    0.156237
-0.155106    0.245587
-0.122823     0.32283
-0.0844146    0.384087
-0.0417902    0.426244
0.00292312    0.447133
0.0474903    0.445672
0.0896838    0.421935
0.127399    0.377154
0.158762    0.313626
0.18222    0.234578
0.196617    0.143972
0.201246   0.0462956
0.195881  -0.0536497
0.180785   -0.150965
0.156698   -0.240866
0.124809   -0.318895
0.086695   -0.381138
0.0442519   -0.424431
-0.000403025   -0.446549
-0.0450378   -0.446348
-0.0874215   -0.423837
-0.12544   -0.380182
-0.157202   -0.317626
-0.181137   -0.239348
-0.196065   -0.149274
-0.201251  -0.0518688
-0.196443    0.048079
-0.181876     0.14567
-0.158266    0.236108
-0.126775    0.314911
-0.0889618    0.378128
-0.0467067    0.422551
-0.00211714    0.445896
0.0425783    0.446954
0.0851454    0.425671
0.12346     0.38315
0.155618    0.321577
0.180026    0.244081
0.195482    0.154554
0.201225   0.0574341
0.196975  -0.0425008
0.18294   -0.140353
0.159808   -0.231313
0.128721   -0.310878
0.0912145    -0.37506
0.0491541   -0.420604
0.00463696   -0.445171
-0.040112    -0.44749
-0.082856   -0.427439
-0.121462   -0.386059
-0.15401   -0.325477
-0.178887   -0.248776
-0.194868   -0.159809
-0.201167  -0.0629904
-0.197475   0.0369161
-0.183974    0.135013
-0.161326    0.226482
-0.130646    0.306796
-0.093453    0.371933
-0.0515938    0.418592
-0.00715606    0.444377
0.0376395    0.447955
0.0805535     0.42914
0.119444    0.388907
0.152377    0.329327
0.17772    0.253433
0.194224     0.16504
0.201078   0.0685371
0.197945  -0.0313257
0.18498   -0.129653
0.162818   -0.221617
0.132552   -0.302667
0.0956768   -0.368748
0.0540254   -0.416514
0.00967404   -0.443513
-0.035161    -0.44835
-0.0782383   -0.430773
-0.117408   -0.391694
-0.15072   -0.333125
-0.176525    -0.25805
-0.19355   -0.170245
-0.200957  -0.0740732
-0.198384   0.0257304
-0.185957    0.124273
-0.164285    0.216717
-0.134436     0.29849
-0.0978855    0.365506
-0.0564485     0.41437
-0.0121905     0.44258
0.032677    0.448675
0.0759109    0.432339
0.115353     0.39442
0.14904    0.336872
0.175303    0.262627
0.192845    0.175424
0.200805   0.0795979
0.198792  -0.0201312
0.186904   -0.118874
0.165726   -0.211783
0.136299   -0.294267
0.100079   -0.362206
0.0588627   -0.412162
0.014705   -0.441576
-0.0301878   -0.448929
-0.0735715   -0.433837
-0.11328   -0.397084
-0.147337   -0.340565
-0.174053   -0.267163
-0.19211   -0.180576
-0.200621  -0.0851103
-0.199169   0.0145289
-0.187823    0.113456
-0.167141    0.206816
-0.138141    0.289999
-0.102256     0.35885
-0.0612676    0.409889
-0.0172172    0.440504
0.0276939    0.449112
0.0712206    0.435267
0.111189    0.399686
0.14561    0.344206
0.172776    0.271658
0.191346      0.1857
0.200407   0.0906095
0.199514 -0.00892437
0.188712   -0.108021
0.16853   -0.201818
0.139962   -0.285685
0.104418   -0.355437
0.0636629   -0.407552
0.0197267   -0.439362
-0.0251957   -0.449224
-0.0688585   -0.436628
-0.109081   -0.402226
-0.14386   -0.347793
-0.171471   -0.276111
-0.190551   -0.190795
-0.20016  -0.0960948
-0.199829  0.00331845
-0.189572    0.102569
-0.169893    0.196788
-0.14176    0.281327
-0.106563     0.35197
-0.0660482     0.40515
-0.0222332    0.438151
0.0226935    0.449266
0.0664855     0.43792
0.106956    0.404702
0.142088    0.351326
0.17014    0.280521
0.189726     0.19586
0.199883    0.101565
0.200112  0.00228798
0.190402  -0.0971015
0.171229   -0.191728
0.143536   -0.276925
0.108692   -0.348447
0.0684231   -0.402686
0.0247361   -0.436871
-0.0201877   -0.449237
-0.0641021   -0.439144
-0.104814   -0.407115
-0.140294   -0.354804
-0.168783   -0.284887
-0.188872   -0.200896
-0.199574    -0.10702
-0.200364 -0.00789406
-0.191202   0.0916188
-0.172538    0.186638
-0.14529     0.27248
-0.110803     0.34487
-0.0707873    0.400158
-0.0272351    0.435522
0.0176787    0.449138
0.0617086    0.440299
0.102655    0.409464
0.138478    0.358227
0.167399    0.289209
0.187989      0.2059
0.199234    0.112458
0.200584   0.0134989
0.191972  -0.0861221
0.17382    -0.18152
0.147021   -0.267993
0.112897   -0.341239
0.0731403   -0.397567
0.0297298   -0.434105
-0.015167   -0.448968
-0.0593054   -0.441384
-0.10048   -0.411749
-0.13664   -0.361593
-0.165988   -0.293486
-0.187075   -0.210872
-0.198863   -0.117879
-0.200774  -0.0191017
-0.192712    0.080612
-0.175075    0.176373
-0.148729    0.263464
-0.114973    0.337554
-0.0754818    0.394915
-0.0322199     0.43262
0.0126528    0.448727
0.0568929      0.4424
0.0982898    0.413969
0.13478    0.364904
0.164552    0.297717
0.186133    0.215812
0.198461    0.123282
0.200931   0.0247015
0.193423  -0.0750895
0.176303   -0.171199
0.150413   -0.258894
0.117031   -0.333818
0.0778115     -0.3922
0.0347048   -0.431066
-0.0101367   -0.448415
-0.0544714   -0.443347
-0.0960839   -0.416125
-0.1329   -0.368157
-0.16309   -0.301902
-0.185162   -0.220719
-0.198028   -0.128666
-0.201058  -0.0302976
-0.194102   0.0695555
-0.177503    0.165998
-0.152074    0.254284
-0.119071    0.330029
-0.0801289    0.389424
-0.0371844    0.429445
0.00761897    0.448033
0.0520414    0.444224
0.0938628    0.418215
0.130998    0.371352
0.161602     0.30604
0.184161    0.225591
0.197564     0.13403
0.201153   0.0358889
0.194752  -0.0640107
0.178675   -0.160772
0.153711   -0.249635
0.121092   -0.326188
0.0824337   -0.386587
0.039658   -0.427757
-0.00510005   -0.447581
-0.0496031   -0.445031
-0.0916271   -0.420239
-0.129076    -0.37449
-0.160089   -0.310131
-0.183132   -0.230428
-0.197069   -0.139373
-0.201217  -0.0414748
-0.195371    0.058456
-0.179819    0.155521
-0.155324    0.244947
-0.123095    0.322297
-0.0847256    0.383689
-0.0421255    0.426001
0.00258033    0.447058
0.0471571    0.445768
0.0893769    0.422198
0.127134    0.377569
0.158551    0.314173
0.182074    0.235229
0.196543    0.144694
0.201249   0.0470542
0.19596  -0.0528924
0.180935   -0.150246
0.156913   -0.240221
0.125077   -0.318356
0.0870042   -0.380732
0.0445863   -0.424179
-6.01954e-05   -0.446465
-0.0447036   -0.446435
-0.0871127    -0.42409
-0.125172   -0.380589
-0.156988   -0.318166
-0.180988   -0.239994
-0.195987   -0.149994
-0.20125  -0.0526264
-0.196518   0.0473206
-0.182023    0.144948
-0.158477    0.235458
-0.12704    0.314365
-0.089269    0.377715
-0.0470401     0.42229
-0.00245994    0.445801
0.0422432    0.447031
0.0848348    0.425916
0.12319    0.383549
0.155401     0.32211
0.179873    0.244722
0.1954     0.15527
0.201219   0.0581905
0.197045  -0.0417415
0.183082   -0.139628
0.160016   -0.230658
0.128984   -0.310325
0.0915199   -0.374638
0.0494865   -0.420334
0.0049797   -0.445068
-0.039776   -0.447557
-0.0825435   -0.427675
-0.121188    -0.38645
-0.153789   -0.326004
-0.17873   -0.249412
-0.194782   -0.160522
-0.201157  -0.0637456
-0.197541   0.0361559
-0.184113    0.134285
-0.16153    0.225823
-0.130907    0.306237
-0.0937564    0.371504
-0.0519251    0.418313
-0.00749867    0.444264
0.0373027    0.448013
0.0802393    0.429366
0.119168     0.38929
0.152153    0.329846
0.177559    0.254063
0.194134    0.165749
0.201063   0.0692908
0.198007  -0.0305648
0.185115   -0.128923
0.163019   -0.220952
0.132809   -0.302101
0.0959781   -0.368311
0.0543555   -0.416226
0.0100165    -0.44339
-0.0348234   -0.448399
-0.0779225    -0.43099
-0.117129   -0.392069
-0.150493   -0.333638
-0.176361   -0.258675
-0.193456   -0.170951
-0.200938  -0.0748254
-0.198441    0.024969
-0.186087     0.12354
-0.164483    0.216047
-0.134691    0.297918
-0.0981848     0.36506
-0.0567774    0.414074
-0.0125327    0.442447
0.0323387    0.448713
0.0755934    0.432547
0.115072    0.394786
0.14881    0.337377
0.175134    0.263247
0.192747    0.176126
0.200782   0.0803485
0.198845  -0.0193693
0.187031   -0.118138
0.16592   -0.211109
0.136551   -0.293689
0.100376   -0.361753
0.0591904   -0.411857
0.0150469   -0.441435
-0.0298489   -0.448958
-0.0732524   -0.434035
-0.112997   -0.397442
-0.147103   -0.341064
-0.173881   -0.267777
-0.192008   -0.181274
-0.200594  -0.0858591
-0.199217   0.0137666
-0.187946    0.112718
-0.167332    0.206138
-0.13839    0.289414
-0.102551    0.358389
-0.061594    0.409575
-0.0175588    0.440352
0.0273543    0.449131
0.0708999    0.435456
0.110903    0.400036
0.145373    0.344697
0.1726    0.272267
0.191239    0.186394
0.200375   0.0913566
0.199559 -0.00816184
0.188831    -0.10728
0.168717   -0.201136
0.140208   -0.285095
0.104711   -0.354969
0.063988   -0.407229
0.0200679   -0.439201
-0.0248555   -0.449234
-0.0685363   -0.436808
-0.108793   -0.402566
-0.143621   -0.348277
-0.171292   -0.276713
-0.190441   -0.191486
-0.200125  -0.0968399
-0.199869   0.0025558
-0.189686    0.101826
-0.170076    0.196102
-0.142003     0.28073
-0.106854    0.351494
-0.0663719    0.404819
-0.0225738     0.43798
0.0223528    0.449266
0.0661619    0.438091
0.106665    0.405034
0.141846    0.351803
0.169957    0.281117
0.189612    0.196547
0.199843    0.102308
0.200148  0.00305063
0.190512  -0.0963565
0.171409   -0.191037
0.143776   -0.276323
0.10898   -0.347963
0.0687454   -0.402346
0.0250762   -0.436691
-0.0198466   -0.449228
-0.0637771   -0.439305
-0.104521   -0.407438
-0.140048   -0.355273
-0.168596   -0.285478
-0.188754   -0.201578
-0.19953   -0.107761
-0.200396  -0.0086566
-0.191308   0.0908719
-0.172714    0.185944
-0.145527    0.271872
-0.111089    0.344379
-0.071108    0.399809
-0.0275747    0.435333
0.0173372    0.449119
0.0613822    0.440451
0.10236    0.409779
0.138229    0.358688
0.167208    0.289793
0.187866    0.206578
0.199186    0.113197
0.200612   0.0142612
0.192075  -0.0853733
0.173992   -0.180821
0.147255   -0.267379
0.113181   -0.340741
0.0734595    -0.39721
0.0300688   -0.433907
-0.0148251   -0.448939
-0.0589778   -0.441527
-0.100183   -0.412055
-0.136388   -0.362047
-0.165794   -0.294064
-0.186949   -0.211546
-0.198811   -0.118615
-0.200797  -0.0198637
-0.192811   0.0798615
-0.175244    0.175671
-0.148959    0.262845
-0.115254    0.337049
-0.0757994    0.394549
-0.0325582    0.432412
0.0123107    0.448689
0.056564    0.442533
0.0979906    0.414266
0.134526    0.365349
0.164355    0.298289
0.186003    0.216482
0.198404    0.124016
0.200951    0.025463
0.193517  -0.0743374
0.176467   -0.170493
0.150641    -0.25827
0.11731   -0.333305
0.0781274   -0.391826
0.0350425    -0.43085
-0.00979429   -0.448367
-0.0541413    -0.44347
-0.0957826   -0.416413
-0.132642   -0.368595
-0.162889   -0.302468
-0.185027   -0.221383
-0.197967   -0.129397
-0.201073  -0.0310585
-0.194193   0.0688018
-0.177664    0.165289
-0.152298    0.253654
-0.119347    0.329509
-0.0804432    0.389041
-0.0375212     0.42922
0.00727638    0.447976
0.0517101    0.444338
0.0935596    0.418494
0.130738    0.371783
0.161398      0.3066
0.184023    0.226251
0.197499    0.134758
0.201164   0.0366491
0.194838  -0.0632556
0.178832   -0.160059
0.153932      -0.249
0.121366   -0.325662
0.0827463   -0.386196
0.0399941   -0.427522
-0.00475732   -0.447514
-0.0492708   -0.445135
-0.0913218    -0.42051
-0.128813   -0.374912
-0.159881   -0.310684
-0.18299   -0.231083
-0.197   -0.140098
-0.201223  -0.0422341
-0.195453   0.0576997
-0.179972    0.154805
-0.155542    0.244306
-0.123365    0.321764
-0.0850363     0.38329
-0.0424606    0.425757
0.00223752    0.446981
0.0468238    0.445863
0.0890697    0.422459
0.126868    0.377983
0.15834    0.314719
0.181928     0.23588
0.19647    0.145417
0.201251   0.0478127
0.196037  -0.0521349
0.181085   -0.149527
0.157127   -0.239575
0.125346   -0.317816
0.0873131   -0.380325
0.0449205   -0.423926
0.000282635   -0.446378
-0.0443693    -0.44652
-0.0868036   -0.424342
-0.124903   -0.380995
-0.156774   -0.318706
-0.180838    -0.24064
-0.195909   -0.150713
-0.201247  -0.0533838
-0.196591    0.046562
-0.182169    0.144226
-0.158688    0.234807
-0.127306    0.313818
-0.0895761      0.3773
-0.0473733    0.422028
-0.00280274    0.445705
0.0419079    0.447107
0.0845238    0.426159
0.122919    0.383947
0.155183    0.322643
0.179719    0.245362
0.195318    0.155986
0.201212   0.0589467
0.197114   -0.040982
0.183224   -0.138902
0.160224   -0.230002
0.129247   -0.309772
0.091825   -0.374215
0.0498186   -0.420063
0.00532241   -0.444962
-0.0394399   -0.447624
-0.0822308   -0.427909
-0.120915    -0.38684
-0.153568   -0.326529
-0.178572   -0.250047
-0.194696   -0.161235
-0.201146  -0.0645005
-0.197606   0.0353956
-0.184251    0.133557
-0.161734    0.225162
-0.131167    0.305677
-0.0940595    0.371073
-0.0522562    0.418033
-0.00784125    0.444149
0.0369657     0.44807
0.0799249    0.429591
0.118892    0.389671
0.151929    0.330365
0.177398    0.254693
0.194044    0.166458
0.201048   0.0700444
0.198068  -0.0298038
0.185249   -0.128191
0.16322   -0.220287
0.133066   -0.301535
0.0962792   -0.367872
0.0546855   -0.415937
0.0103588   -0.443266
-0.0344857   -0.448446
-0.0776063   -0.431206
-0.116851   -0.392442
-0.150265    -0.33415
-0.176195   -0.259299
-0.193361   -0.171657
-0.200919  -0.0755774
-0.198498   0.0242074
-0.186217    0.122806
-0.16468    0.215378
-0.134945    0.297346
-0.0984838    0.364614
-0.0571062    0.413776
-0.0128748    0.442314
0.0320003    0.448751
0.0752756    0.432753
0.114791    0.395151
0.148579    0.337882
0.174965    0.263865
0.192648    0.176828
0.200758   0.0810989
0.198897  -0.0186073
0.187157   -0.117402
0.166114   -0.210435
0.136803    -0.29311
0.100673   -0.361299
0.0595179    -0.41155
0.0153888   -0.441291
-0.0295098   -0.448985
-0.0729331   -0.434233
-0.112713   -0.397798
-0.146869   -0.341561
-0.173708    -0.26839
-0.191905   -0.181973
-0.200566  -0.0866078
-0.199266   0.0130043
-0.188068    0.111979
-0.167522     0.20546
-0.138639    0.288829
-0.102846    0.357927
-0.0619202    0.409259
-0.0179003      0.4402
0.0270147    0.449149
0.070579    0.435644
0.110617    0.400383
0.145136    0.345188
0.172424    0.272874
0.191132    0.187089
0.200343   0.0921033
0.199603 -0.00739929
0.188949   -0.106539
0.168904   -0.200453
0.140453   -0.284503
0.105003   -0.354499
0.0643129   -0.406905
0.020409   -0.439039
-0.0245153   -0.449243
-0.0682139   -0.436986
-0.108505   -0.402906
-0.14338    -0.34876
-0.171112   -0.277315
-0.19033   -0.192176
-0.200088  -0.0975847
-0.199909  0.00179315
-0.1898    0.101083
-0.170259    0.195415
-0.142246    0.280133
-0.107144    0.351017
-0.0666954    0.404486
-0.0229145    0.437809
0.0220121    0.449265
0.0658381     0.43826
0.106375    0.405365
0.141602    0.352278
0.169774    0.281713
0.189497    0.197233
0.199802    0.103051
0.200183  0.00381327
0.190622  -0.0956113
0.171588   -0.190346
0.144016    -0.27572
0.109268   -0.347479
0.0690674   -0.402004
0.0254164    -0.43651
-0.0195054   -0.449217
-0.0634519   -0.439465
-0.104228   -0.407761
-0.139802   -0.355741
-0.168409   -0.286067
-0.188635    -0.20226
-0.199485   -0.108501
-0.200427 -0.00941911
-0.191414   0.0901247
-0.17289    0.185249
-0.145763    0.271263
-0.111374    0.343887
-0.0714286    0.399459
-0.0279142    0.435143
0.0169956    0.449098
0.0610557    0.440601
0.102065    0.410092
0.13798    0.359148
0.167017    0.290377
0.187743    0.207256
0.199137    0.113935
0.200639   0.0150235
0.192177  -0.0846242
0.174164   -0.180122
0.147488   -0.266765
0.113464   -0.340242
0.0737785   -0.396852
0.0304077   -0.433708
-0.0144832   -0.448909
-0.0586499   -0.441668
-0.0998859    -0.41236
-0.136136     -0.3625
-0.1656   -0.294642
-0.186822    -0.21222
-0.198757   -0.119351
-0.20082  -0.0206256
-0.192909   0.0791107
-0.175412    0.174968
-0.149189    0.262225
-0.115535    0.336543
-0.0761168    0.394182
-0.0328964    0.432204
0.0119684    0.448649
0.0562349    0.442665
0.0976912    0.414562
0.134271    0.365794
0.164157    0.298861
0.185872     0.21715
0.198347    0.124749
0.200969   0.0262244
0.193611   -0.073585
0.176632   -0.169787
0.150867   -0.257644
0.117588   -0.332792
0.0784432   -0.391451
0.03538   -0.430632
-0.00945185   -0.448318
-0.0538111   -0.443592
-0.0954811     -0.4167
-0.132384   -0.369032
-0.162688   -0.303033
-0.184892   -0.222047
-0.197905   -0.130127
-0.201087  -0.0318193
-0.194282    0.068048
-0.177824    0.164579
-0.152522    0.253023
-0.119623    0.328989
-0.0807572    0.388658
-0.037858    0.428993
0.00693376    0.447917
0.0513788     0.44445
0.093256    0.418772
0.130477    0.372212
0.161193    0.307158
0.183884     0.22691
0.197433    0.135485
0.201173   0.0374092
0.194923  -0.0625004
0.178989   -0.159346
0.154152   -0.248363
0.121639   -0.325135
0.0830586   -0.385804
0.04033   -0.427286
-0.00441458   -0.447445
-0.0489384   -0.445238
-0.0910163   -0.420779
-0.12855   -0.375333
-0.159673   -0.311235
-0.182847   -0.231738
-0.196929   -0.140823
-0.201229  -0.0429934
-0.195534   0.0569432
-0.180125    0.154089
-0.155759    0.243665
-0.123636     0.32123
-0.0853468    0.382891
-0.0427956    0.425512
0.00189471    0.446903
0.0464903    0.445956
0.0887622    0.422719
0.126602    0.378396
0.158128    0.315264
0.181781    0.236529
0.196395    0.146138
0.201252    0.048571
0.196114  -0.0513773
0.181234   -0.148807
0.157341   -0.238929
0.125613   -0.317275
0.0876217   -0.379917
0.0452546   -0.423672
0.000625464   -0.446291
-0.0440349   -0.446604
-0.0864943   -0.424593
-0.124634     -0.3814
-0.156559   -0.319244
-0.180687   -0.241284
-0.19583   -0.151432
-0.201244   -0.054141
-0.196664   0.0458034
-0.182314    0.143503
-0.158898    0.234156
-0.127571    0.313271
-0.0898828    0.376883
-0.0477064    0.421764
-0.00314554    0.445609
0.0415726    0.447181
0.0842127    0.426401
0.122647    0.384344
0.154965    0.323174
0.179565    0.246002
0.195235    0.156701
0.201205   0.0597027
0.197183  -0.0402224
0.183365   -0.138176
0.160431   -0.229346
0.129509   -0.309218
0.0921298   -0.373791
0.0501507   -0.419791
0.00566512   -0.444856
-0.0391037   -0.447688
-0.0819179   -0.428142
-0.120641   -0.387228
-0.153346   -0.327054
-0.178414   -0.250681
-0.194609   -0.161947
-0.201134  -0.0652553
-0.197671   0.0346353
-0.184388    0.132828
-0.161938    0.224501
-0.131426    0.305116
-0.0943623    0.370641
-0.0525871    0.417752
-0.0081838    0.444033
0.0366287    0.448125
0.0796102    0.429815
0.118615    0.390052
0.151704    0.330883
0.177236    0.255322
0.193953    0.167167
0.201032   0.0707977
0.198128  -0.0290428
0.185382    -0.12746
0.16342   -0.219621
0.133323   -0.300968
0.09658   -0.367432
0.0550153   -0.415647
0.0107012   -0.443141
-0.0341479   -0.448491
-0.07729   -0.431421
-0.116571   -0.392814
-0.150037    -0.33466
-0.17603   -0.259923
-0.193266   -0.172362
-0.200899  -0.0763292
-0.198554   0.0234458
-0.186347    0.122072
-0.164876    0.214707
-0.135199    0.296772
-0.0987825    0.364166
-0.0574348    0.413477
-0.0132169    0.442179
0.0316618    0.448787
0.0749576    0.432959
0.114509    0.395515
0.148348    0.338385
0.174796    0.264483
0.192549     0.17753
0.200734    0.081849
0.198949  -0.0178453
0.187283   -0.116665
0.166307    -0.20976
0.137054   -0.292531
0.100969   -0.360843
0.0598452   -0.411242
0.0157306   -0.441147
-0.0291706   -0.449012
-0.0726135   -0.434429
-0.112429   -0.398154
-0.146635   -0.342058
-0.173535   -0.269003
-0.191802    -0.18267
-0.200538  -0.0873561
-0.199313   0.0122419
-0.188189     0.11124
-0.167711     0.20478
-0.138887    0.288243
-0.103141    0.357464
-0.0622463    0.408943
-0.0182417    0.440046
0.0266749    0.449166
0.070258     0.43583
0.110331     0.40073
0.144899    0.345677
0.172247    0.273481
0.191025    0.187782
0.20031   0.0928498
0.199646 -0.00663672
0.189066   -0.105798
0.16909   -0.199769
0.140698   -0.283912
0.105296   -0.354029
0.0646376   -0.406579
0.02075   -0.438876
-0.024175    -0.44925
-0.0678914   -0.437164
-0.108216   -0.403244
-0.14314   -0.349242
-0.170932   -0.277916
-0.190218   -0.192866
-0.200051  -0.0983292
-0.199948  0.00103049
-0.189914     0.10034
-0.170441    0.194727
-0.142488    0.279535
-0.107434    0.350539
-0.0670187    0.404152
-0.023255    0.437636
0.0216713    0.449263
0.0655141    0.438428
0.106084    0.405695
0.141359    0.352752
0.16959    0.282308
0.189381    0.197919
0.199761    0.103793
0.200218  0.00457591
0.190732  -0.0948658
0.171766   -0.189655
0.144255   -0.275116
0.109555   -0.346993
0.0693892   -0.401662
0.0257564   -0.436328
-0.0191641   -0.449205
-0.0631265   -0.439624
-0.103935   -0.408081
-0.139555   -0.356208
-0.168221   -0.286656
-0.188515   -0.202942
-0.199439   -0.109242
-0.200458  -0.0101816
-0.19152   0.0893773
-0.173065    0.184553
-0.145999    0.270654
-0.11166    0.343394
-0.0717489    0.399108
-0.0282537    0.434952
0.016654    0.449077
0.060729     0.44075
0.101769    0.410404
0.13773    0.359607
0.166826     0.29096
0.18762    0.207933
0.199087    0.114673
0.200665   0.0157857
0.192278   -0.083875
0.174336   -0.179423
0.147721    -0.26615
0.113746   -0.339742
0.0740973   -0.396492
0.0307466   -0.433507
-0.0141412   -0.448878
-0.058322   -0.441807
-0.0995883   -0.412663
-0.135883   -0.362951
-0.165405   -0.295218
-0.186694   -0.212892
-0.198703   -0.120086
-0.200842  -0.0213874
-0.193006   0.0783598
-0.175579    0.174265
-0.149419    0.261604
-0.115815    0.336036
-0.076434    0.393814
-0.0332346    0.431994
0.0116262    0.448608
0.0559057    0.442795
0.0973914    0.414857
0.134015    0.366238
0.163958    0.299431
0.18574    0.217819
0.198288    0.125482
0.200987   0.0269858
0.193704  -0.0728324
0.176796    -0.16908
0.151094   -0.257018
0.117866   -0.332278
0.0787587   -0.391074
0.0357174   -0.430413
-0.00910939   -0.448268
-0.0534807   -0.443713
-0.0951793   -0.416986
-0.132126   -0.369468
-0.162486   -0.303597
-0.184757   -0.222711
-0.197843   -0.130857
-0.201101    -0.03258
-0.194371   0.0672939
-0.177984    0.163869
-0.152745    0.252392
-0.119898    0.328468
-0.081071    0.388273
-0.0381946    0.428764
0.00659113    0.447857
0.0510473    0.444562
0.0929522    0.419049
0.130216     0.37264
0.160988    0.307716
0.183745    0.227569
0.197366    0.136213
0.201183   0.0381692
0.195008   -0.061745
0.179145   -0.158632
0.154372   -0.247727
0.121912   -0.324607
0.0833706   -0.385412
0.0406658   -0.427049
-0.00407183   -0.447376
-0.0486058    -0.44534
-0.0907105   -0.421047
-0.128286   -0.375754
-0.159464   -0.311786
-0.182704   -0.232392
-0.196858   -0.141547
-0.201234  -0.0437525
-0.195615   0.0561866
-0.180278    0.153371
-0.155976    0.243023
-0.123906    0.320695
-0.0856571    0.382489
-0.0431305    0.425266
0.00155189    0.446824
0.0461567    0.446048
0.0884545    0.422978
0.126335    0.378809
0.157916    0.315809
0.181634    0.237178
0.19632     0.14686
0.201253   0.0493291
0.196191  -0.0506195
0.181382   -0.148087
0.157554   -0.238282
0.125881   -0.316733
0.0879301   -0.379508
0.0455885   -0.423416
0.000968291   -0.446202
-0.0437004   -0.446686
-0.0861847   -0.424843
-0.124365   -0.381804
-0.156343   -0.319782
-0.180536   -0.241928
-0.195751    -0.15215
-0.201241  -0.0548981
-0.196736   0.0450446
-0.182459    0.142779
-0.159108    0.233503
-0.127836    0.312722
-0.0901893    0.376466
-0.0480393      0.4215
-0.00348832     0.44551
0.0412371    0.447254
0.0839013    0.426642
0.122375     0.38474
0.154746    0.323705
0.17941    0.246641
0.195152    0.157416
0.201197   0.0604586
0.197251  -0.0394627
0.183506    -0.13745
0.160637   -0.228689
0.129771   -0.308663
0.0924344   -0.373366
0.0504826   -0.419517
0.0060078   -0.444748
-0.0387674   -0.447752
-0.0816047   -0.428373
-0.120366   -0.387616
-0.153124   -0.327578
-0.178256   -0.251315
-0.194521   -0.162658
-0.201122  -0.0660098
-0.197735   0.0338748
-0.184525    0.132099
-0.162141    0.223839
-0.131686    0.304555
-0.0946649    0.370208
-0.0529179    0.417469
-0.00852634    0.443916
0.0362916    0.448179
0.0792953    0.430037
0.118338    0.390431
0.151478      0.3314
0.177073     0.25595
0.193861    0.167875
0.201016   0.0715508
0.198188  -0.0282817
0.185515   -0.126728
0.16362   -0.218955
0.13358     -0.3004
0.0968805   -0.366991
0.0553449   -0.415356
0.0110435   -0.443014
-0.03381   -0.448536
-0.0769734   -0.431634
-0.116292   -0.393185
-0.149809    -0.33517
-0.175863   -0.260546
-0.19317   -0.173066
-0.200878  -0.0770808
-0.19861   0.0226842
-0.186476    0.121337
-0.165072    0.214036
-0.135453    0.296198
-0.0990809    0.363717
-0.0577632    0.413177
-0.013559    0.442042
0.0313232    0.448822
0.0746394    0.433163
0.114227    0.395878
0.148116    0.338888
0.174626    0.265101
0.192449    0.178231
0.200709   0.0825989
0.199001  -0.0170832
0.187408   -0.115928
0.166499   -0.209084
0.137304    -0.29195
0.101266   -0.360387
0.0601724   -0.410933
0.0160723   -0.441001
-0.0288314   -0.449037
-0.0722937   -0.434623
-0.112145   -0.398508
-0.1464   -0.342553
-0.173361   -0.269614
-0.191698   -0.183367
-0.200508  -0.0881043
-0.19936   0.0114795
-0.18831    0.110501
-0.1679    0.204101
-0.139135    0.287657
-0.103435       0.357
-0.0625722    0.408625
-0.0185831    0.439891
0.0263351    0.449182
0.0699367    0.436016
0.110044    0.401076
0.144661    0.346165
0.172069    0.274086
0.190917    0.188476
0.200277   0.0935961
0.199689 -0.00587413
0.189183   -0.105056
0.169275   -0.199085
0.140943   -0.283319
0.105587   -0.353557
0.0649621   -0.406253
0.021091   -0.438711
-0.0238346   -0.449256
-0.0675686    -0.43734
-0.107927   -0.403581
-0.142899   -0.349722
-0.170751   -0.278516
-0.190106   -0.193555
-0.200013  -0.0990734
-0.199987 0.000267823
-0.190027   0.0995959
-0.170623    0.194039
-0.142729    0.278937
-0.107723    0.350059
-0.0673418    0.403817
-0.0235955    0.437463
0.0213304    0.449259
0.0651899    0.438595
0.105792    0.406023
0.141115    0.353226
0.169405    0.282902
0.189265    0.198604
0.199719    0.104535
0.200253  0.00533852
0.190841    -0.09412
0.171945   -0.188962
0.144493   -0.274511
0.109843   -0.346507
0.0697109   -0.401318
0.0260964   -0.436145
-0.0188228   -0.449192
-0.0628009   -0.439781
-0.103641   -0.408401
-0.139308   -0.356673
-0.168033   -0.287244
-0.188395   -0.203623
-0.199393   -0.109981
-0.200488   -0.010944
-0.191625   0.0886296
-0.173239    0.183857
-0.146235    0.270044
-0.111945    0.342901
-0.072069    0.398756
-0.0285931    0.434759
0.0163123    0.449054
0.0604021    0.440898
0.101474    0.410715
0.13748    0.360066
0.166634    0.291542
0.187495     0.20861
0.199036     0.11541
0.200691   0.0165479
0.192379  -0.0831255
0.174506   -0.178723
0.147953   -0.265534
0.114029   -0.339241
0.0744158   -0.396132
0.0310853   -0.433305
-0.0137992   -0.448845
-0.0579938   -0.441946
-0.0992903   -0.412965
-0.13563   -0.363402
-0.16521   -0.295794
-0.186566   -0.213564
-0.198648   -0.120821
-0.200863  -0.0221492
-0.193103   0.0776085
-0.175746    0.173561
-0.149648    0.260982
-0.116095    0.335528
-0.0767509    0.393445
-0.0335727    0.431783
0.0112839    0.448566
0.0555764    0.442924
0.0970914     0.41515
0.133759    0.366681
0.16376         0.3
0.185608    0.218486
0.19823    0.126214
0.201004    0.027747
0.193796  -0.0720797
0.176959   -0.168372
0.15132   -0.256391
0.118144   -0.331762
0.079074   -0.390697
0.0360547   -0.430193
-0.00876689   -0.448216
-0.0531502   -0.443833
-0.0948772    -0.41727
-0.131867   -0.369903
-0.162283    -0.30416
-0.184621   -0.223374
-0.19778   -0.131587
-0.201114  -0.0333406
-0.19446   0.0665397
-0.178144    0.163158
-0.152968    0.251759
-0.120173    0.327945
-0.0813846    0.387888
-0.0385311    0.428535
0.00624847    0.447796
0.0507156    0.444672
0.0926481    0.419325
0.129955    0.373067
0.160782    0.308272
0.183605    0.228227
0.197299     0.13694
0.201192   0.0389291
0.195093  -0.0609894
0.179301   -0.157918
0.154592   -0.247089
0.122184   -0.324077
0.0836824   -0.385018
0.0410014    -0.42681
-0.00372906   -0.447305
-0.0482731    -0.44544
-0.0904044   -0.421313
-0.128022   -0.376173
-0.159255   -0.312336
-0.18256   -0.233045
-0.196787   -0.142271
-0.201238  -0.0445116
-0.195695   0.0554297
-0.18043    0.152654
-0.156192     0.24238
-0.124176    0.320159
-0.0859671    0.382087
-0.0434653    0.425018
0.00120907    0.446744
0.045823    0.446139
0.0881466    0.423236
0.126069     0.37922
0.157704    0.316352
0.181486    0.237827
0.196244    0.147581
0.201253   0.0500872
0.196267  -0.0498615
0.18153   -0.147366
0.157767   -0.237634
0.126148    -0.31619
0.0882383   -0.379097
0.0459223   -0.423159
0.00131112   -0.446112
-0.0433657   -0.446768
-0.0858749   -0.425092
-0.124096   -0.382207
-0.156127   -0.320319
-0.180385   -0.242572
-0.195671   -0.152868
-0.201237   -0.055655
-0.196808   0.0442856
-0.182603    0.142056
-0.159318    0.232851
-0.1281    0.312173
-0.0904956    0.376048
-0.0483722    0.421234
-0.00383109    0.445411
0.0409015    0.447326
0.0835896    0.426881
0.122103    0.385135
0.154527    0.324235
0.179255    0.247279
0.195068    0.158131
0.201189   0.0612143
0.197319  -0.0387029
0.183646   -0.136723
0.160843   -0.228031
0.130033   -0.308107
0.0927386    -0.37294
0.0508144   -0.419243
0.00635047   -0.444639
-0.0384309   -0.447814
-0.0812913   -0.428603
-0.120092   -0.388003
-0.152902   -0.328101
-0.178096   -0.251948
-0.194433    -0.16337
-0.20111  -0.0667642
-0.197798   0.0331142
-0.184661     0.13137
-0.162344    0.223177
-0.131944    0.303992
-0.0949671    0.369773
-0.0532486    0.417186
-0.00886884    0.443797
0.0359543    0.448232
0.0789802    0.430258
0.118061    0.390809
0.151253    0.331916
0.17691    0.256578
0.193769    0.168583
0.200999   0.0723038
0.198247  -0.0275205
0.185647   -0.125996
0.163819   -0.218287
0.133836   -0.299831
0.0971807   -0.366549
0.0556744   -0.415063
0.0113858   -0.442886
-0.033472   -0.448579
-0.0766566   -0.431846
-0.116012   -0.393555
-0.14958   -0.335679
-0.175697   -0.261168
-0.193074    -0.17377
-0.200857  -0.0778322
-0.198665   0.0219224
-0.186605    0.120603
-0.165268    0.213364
-0.135706    0.295623
-0.099379    0.363268
-0.0580915    0.412875
-0.013901    0.441905
0.0309845    0.448855
0.074321    0.433365
0.113945    0.396239
0.147884     0.33939
0.174456    0.265717
0.192349    0.178931
0.200684   0.0833486
0.199051   -0.016321
0.187532   -0.115191
0.166692   -0.208408
0.137555   -0.291369
0.101562   -0.359929
0.0604994   -0.410623
0.016414   -0.440854
-0.0284921   -0.449061
-0.0719738   -0.434817
-0.11186   -0.398861
-0.146165   -0.343048
-0.173187   -0.270225
-0.191594   -0.184064
-0.200479  -0.0888522
-0.199407   0.0107171
-0.188431    0.109761
-0.168089     0.20342
-0.139382    0.287069
-0.103728    0.356535
-0.0628979    0.408306
-0.0189244    0.439734
0.0259952    0.449196
0.0696152      0.4362
0.109757     0.40142
0.144422    0.346652
0.171892    0.274692
0.190808    0.189168
0.200243    0.094342
0.199731 -0.00511152
0.1893   -0.104315
0.16946     -0.1984
0.141187   -0.282725
0.105879   -0.353085
0.0652864   -0.405925
