0.2           2
0.3     1.99007
0.385224     0.85224
0.45166    0.664357
0.496272    0.446127
0.517077    0.208051
0.513166  -0.0391195
0.484707   -0.284588
0.43295   -0.517563
0.360217   -0.727338
0.269859   -0.903577
0.166172    -1.03687
0.0542137    -1.11958
-0.0604535    -1.14667
-0.1721    -1.11646
-0.275184    -1.03084
-0.364681   -0.894976
-0.436346    -0.71665
-0.48688   -0.505335
-0.51402     -0.2714
-0.516576  -0.0255589
-0.494436    0.221394
-0.44857    0.458662
-0.38102      0.6755
-0.294877    0.861434
-0.194202     1.00674
-0.0838784     1.10324
0.0306343     1.14513
0.143615     1.12981
0.249441     1.05825
0.342923     0.93482
0.419592    0.766699
0.475893    0.563005
0.509287    0.333939
0.518303   0.0901617
0.502549   -0.157542
0.462712   -0.398372
0.400556    -0.62156
0.318903   -0.816525
0.221574   -0.973288
0.113257    -1.08317
-0.000710588    -1.13968
-0.114643    -1.13932
-0.222856    -1.08213
-0.320018   -0.971619
-0.40145   -0.814328
-0.463345   -0.618951
-0.502893   -0.395479
-0.518343   -0.154498
-0.509021   0.0932229
-0.475332    0.336884
-0.418762    0.565701
-0.341861    0.769016
-0.248197    0.936637
-0.142251     1.05946
-0.0292155     1.13035
0.0852801     1.14496
0.195517     1.10237
0.29604     1.00523
0.381976    0.859364
0.449275    0.672986
0.494858     0.45583
0.516696    0.218377
0.513833  -0.0286284
0.486394   -0.274388
0.435583   -0.508108
0.363675   -0.719078
0.273982   -0.896934
0.17076    -1.03222
0.059042    -1.11718
-0.0556267    -1.14669
-0.167516    -1.11889
-0.271068    -1.03552
-0.361232   -0.901641
-0.433725   -0.724928
-0.485205   -0.514801
-0.513365   -0.281606
-0.51697  -0.0360507
-0.495863    0.211074
-0.450966    0.448969
-0.384277    0.666887
-0.298844    0.854331
-0.19869     1.00154
-0.0886671     1.10023
0.0257836     1.14451
0.138945     1.13162
0.245182     1.06237
0.339282    0.941001
0.416742    0.774596
0.473962    0.572204
0.508362    0.343997
0.518424    0.100623
0.503711   -0.147133
0.464864   -0.388472
0.403602   -0.612623
0.322703   -0.808989
0.225947   -0.967555
0.11799    -1.07957
0.00414737    -1.13843
-0.109903     -1.1405
-0.218469    -1.08566
-0.316198   -0.977293
-0.39838   -0.821815
-0.461165   -0.627853
-0.501701   -0.405357
-0.51819   -0.164898
-0.509915   0.0827563
-0.477234    0.326808
-0.421587     0.55647
-0.34548    0.761074
-0.25244    0.930398
-0.146912     1.05528
-0.0340642     1.12847
0.080486      1.1455
0.191016      1.1053
0.292054     1.01037
0.378695    0.866415
0.446851    0.681561
0.493401    0.465496
0.516269    0.228685
0.514456  -0.0181351
0.488039   -0.264166
0.438178   -0.498613
0.367102   -0.710758
0.278081   -0.890215
0.175334    -1.02747
0.0638649    -1.11469
-0.050795     -1.1466
-0.162916    -1.12121
-0.266928    -1.04011
-0.357751    -0.90823
-0.431065   -0.733146
-0.483488   -0.524226
-0.512667   -0.291791
-0.517321  -0.0465397
-0.497247    0.200737
-0.453323    0.439241
-0.387501    0.658219
-0.302786    0.847157
-0.203161    0.996247
-0.0934479     1.09713
0.0209307     1.14379
0.134263     1.13332
0.240902     1.06639
0.335612    0.947102
0.413855    0.782428
0.471991    0.581357
0.507393    0.354027
0.518501    0.111077
0.50483   -0.136712
0.466976   -0.378542
0.406612   -0.603636
0.326474   -0.801386
0.2303   -0.961738
0.122712    -1.07587
0.00900496    -1.13708
-0.105153    -1.14158
-0.214063     -1.0891
-0.312351   -0.982882
-0.395274   -0.829234
-0.458945   -0.636703
-0.500465   -0.415202
-0.517993   -0.175286
-0.510765   0.0722833
-0.479094    0.316706
-0.424375    0.547194
-0.349068    0.753069
-0.25666     0.92408
-0.15156     1.05101
-0.0389099      1.1265
0.0756847     1.14595
0.186499     1.10814
0.288042     1.01543
0.375381    0.873393
0.444389    0.690079
0.491902    0.475126
0.515799    0.238975
0.515035 -0.00764039
0.489643   -0.253923
0.440735   -0.489078
0.370497    -0.70238
0.282155    -0.88342
0.179892    -1.02263
0.0686821    -1.11209
-0.0459587    -1.14641
-0.158302    -1.12344
-0.262764    -1.04462
-0.354238   -0.914741
-0.428368   -0.741303
-0.481729   -0.533609
-0.511924   -0.301953
-0.517627  -0.0570251
-0.498589    0.190385
-0.455641    0.429478
-0.390691    0.649497
-0.3067     0.83991
-0.207613    0.990868
-0.0982203     1.09393
0.0160759     1.14296
0.129568     1.13492
0.2366     1.07032
0.331912    0.953121
0.410932    0.790195
0.469978    0.590463
0.506381     0.36403
0.518534    0.121522
0.505905   -0.126281
0.469047   -0.368581
0.409587     -0.5946
0.330216   -0.793715
0.234632   -0.955839
0.127424    -1.07208
0.0138617    -1.13562
-0.100393    -1.14255
-0.209637    -1.09244
-0.308476   -0.988386
-0.392134   -0.836583
-0.456684   -0.645502
-0.499186   -0.425015
-0.517752   -0.185659
-0.511571   0.0618046
-0.480914    0.306579
-0.427126    0.537873
-0.352626    0.745002
-0.260858    0.917683
-0.156194     1.04664
-0.0437521     1.12442
0.0708766     1.14629
0.181964     1.11088
0.284004      1.0204
0.372034    0.880297
0.441888    0.698541
0.49036    0.484718
0.515284    0.249246
0.51557  0.00285492
0.491204    -0.24366
0.443253   -0.479504
0.373859   -0.693945
0.286204    -0.87655
0.184433    -1.01771
0.0734932     -1.1094
-0.0411182    -1.14611
-0.153674    -1.12556
-0.258577    -1.04903
-0.350694   -0.921173
-0.425634   -0.749398
-0.479929   -0.542949
-0.511138   -0.312091
-0.517889   -0.067506
-0.499887    0.180017
-0.457919    0.419681
-0.393847    0.640722
-0.310587    0.832594
-0.212047    0.985403
-0.102984     1.09063
0.0112196     1.14203
0.124862     1.13642
0.232278     1.07416
0.328183    0.959058
0.407973    0.797896
0.467925    0.599522
0.505326    0.374004
0.518521    0.131958
0.506937   -0.115841
0.471078   -0.358592
0.412527   -0.585515
0.333929   -0.785978
0.238943   -0.949857
0.132124    -1.06819
0.0187173    -1.13406
-0.095625    -1.14342
-0.205193    -1.09568
-0.304574   -0.993805
-0.38896   -0.843861
-0.454385   -0.654248
-0.497864   -0.434794
-0.517466   -0.196019
-0.512334   0.0513211
-0.482691    0.296428
-0.42984     0.52851
-0.356153    0.736872
-0.265032    0.911208
-0.160814     1.04218
-0.0485903     1.12224
0.0660621     1.14652
0.177414     1.11352
0.279941     1.02528
0.368654    0.887126
0.439349    0.706946
0.488776    0.494271
0.514725    0.259498
0.51606     0.01335
0.492723   -0.233379
0.445733   -0.469892
0.377188   -0.685452
0.290228   -0.869606
0.188959    -1.01269
0.0782977    -1.10661
-0.0362741    -1.14572
-0.149033    -1.12758
-0.254367    -1.05334
-0.34712   -0.927527
-0.422863   -0.757432
-0.478087   -0.552246
-0.510308   -0.322205
-0.518106  -0.0779817
-0.501142    0.169636
-0.460157     0.40985
-0.396968    0.631895
-0.314447    0.825207
-0.216462    0.979852
-0.107738     1.08724
0.00636234       1.141
0.120145     1.13782
0.227934      1.0779
0.324426    0.964913
0.404979    0.805531
0.465832    0.608531
0.504227    0.383948
0.518465    0.142383
0.507926   -0.105391
0.473068   -0.348574
0.41543   -0.576384
0.337613   -0.778175
0.243233   -0.943793
0.136812    -1.06421
0.0235711    -1.13241
-0.090848    -1.14419
-0.200731    -1.09883
-0.300645   -0.999137
-0.385752   -0.851069
-0.452046   -0.662941
-0.496499   -0.444538
-0.517136   -0.206363
-0.513052   0.0408337
-0.484427    0.286253
-0.432517    0.519104
-0.359648    0.728682
-0.269183    0.904655
-0.16542     1.03763
-0.0534242     1.11996
0.0612418     1.14666
0.172848     1.11606
0.275854     1.03006
0.365242    0.893879
0.436771    0.715292
0.487149    0.503784
0.514122    0.269729
0.516507    0.023844
0.494199   -0.223079
0.448175   -0.460242
0.380484   -0.676903
0.294226   -0.862588
0.193467    -1.00759
0.0830951    -1.10372
-0.0314267    -1.14522
-0.144377    -1.12951
-0.250134    -1.05757
-0.343515   -0.933802
-0.420055   -0.765403
-0.476205   -0.561498
-0.509434   -0.332293
-0.518279  -0.0884513
-0.502355    0.159242
-0.462356    0.399987
-0.400055    0.623016
-0.31828     0.81775
-0.220858    0.974217
-0.112483     1.08375
0.00150449     1.13987
0.115417     1.13912
0.223571     1.08154
0.320639    0.970684
0.401949    0.813098
0.463698    0.617491
0.503084    0.393862
0.518364    0.152797
0.508871  -0.0949327
0.475018   -0.338528
0.418297   -0.567205
0.341266   -0.770308
0.247502   -0.937648
0.141488    -1.06014
0.0284229    -1.13065
-0.0860628    -1.14486
-0.196251    -1.10188
-0.296689    -1.00438
-0.382509   -0.858204
-0.449667    -0.67158
-0.495092   -0.454247
-0.516761    -0.21669
-0.513727   0.0303431
-0.486121    0.276056
-0.435155    0.509656
-0.363112    0.720432
-0.27331    0.898025
-0.170011     1.03298
-0.0582533     1.11758
0.0564159     1.14669
0.168266      1.1185
0.271742     1.03476
0.361798    0.900557
0.434156    0.723579
0.485481    0.513257
0.513475     0.27994
0.516909   0.0343362
0.495633   -0.212761
0.450577   -0.450556
0.383747   -0.668298
0.298198   -0.855497
0.197958     -1.0024
0.0878851    -1.10073
-0.0265765    -1.14462
-0.139709    -1.13133
-0.24588     -1.0617
-0.339879   -0.939997
-0.41721    -0.77331
-0.474281   -0.570704
-0.508516   -0.342355
-0.518408  -0.0989141
-0.503524    0.148835
-0.464515    0.390092
-0.403106    0.614087
-0.322084    0.810226
-0.225234    0.968497
-0.117217     1.08016
-0.00335349     1.13864
0.110678     1.14032
0.219187     1.08509
0.316824    0.976372
0.398884    0.820596
0.461524    0.626401
0.501899    0.403745
0.518218    0.163199
0.509772  -0.0844672
0.476926   -0.328456
0.421128   -0.557981
0.34489   -0.762377
0.251748   -0.931423
0.146151    -1.05597
0.0332721    -1.12879
-0.08127    -1.14542
-0.191753    -1.10483
-0.292707    -1.00954
-0.379234   -0.865268
-0.44725   -0.680163
-0.493642   -0.463919
-0.516342   -0.227001
-0.514357   0.0198501
-0.487773    0.265838
-0.437757    0.500168
-0.366544    0.712122
-0.277413    0.891318
-0.174587     1.02825
-0.0630771      1.1151
0.0515849     1.14662
0.163669     1.12084
0.267606     1.03937
0.358322    0.907158
0.431502    0.731807
0.483771    0.522689
0.512784    0.290128
0.517267   0.0448258
0.497024   -0.202427
0.452941   -0.440833
0.386977   -0.659639
0.302143   -0.848334
0.202431   -0.997118
0.0926672    -1.09764
-0.0217239    -1.14391
-0.135029    -1.13305
-0.241603    -1.06574
-0.336214   -0.946111
-0.414329   -0.781153
-0.472316   -0.579865
-0.507555    -0.35239
-0.518492   -0.109369
-0.50465    0.138416
-0.466633    0.380167
-0.406123    0.605108
-0.325859    0.802633
-0.22959    0.962694
-0.121941     1.07648
-0.00821117      1.1373
0.10593     1.14141
0.214784     1.08854
0.312981    0.981975
0.395784    0.828026
0.45931    0.635261
0.50067    0.413596
0.518029    0.173589
0.510629  -0.0739952
0.478793   -0.318358
0.423922   -0.548713
0.348484   -0.754382
0.255972   -0.925118
0.150801    -1.05171
0.0381182    -1.12683
-0.0764698    -1.14588
-0.187238    -1.10768
-0.288699    -1.01461
-0.375925   -0.872257
-0.444794   -0.688691
-0.492149   -0.473555
-0.515879   -0.237294
-0.514943  0.00935552
-0.489384    0.255598
-0.44032    0.490639
-0.369944    0.703754
-0.281491    0.884535
-0.179148     1.02343
-0.0678953     1.11252
0.0467493     1.14645
0.159057     1.12308
0.263446     1.04389
0.354814    0.913682
0.428812    0.739974
0.482019    0.532079
0.512049    0.300294
0.51758   0.0553118
0.498372   -0.192077
0.455265   -0.431076
0.390172   -0.650926
0.306062     -0.8411
0.206887   -0.991753
0.0974409    -1.09446
-0.0168694     -1.1431
-0.130336    -1.13467
-0.237305    -1.06969
-0.332519   -0.952143
-0.411412   -0.788931
-0.47031   -0.588979
-0.50655   -0.362397
-0.518531   -0.119816
-0.505733    0.127987
-0.468711    0.370211
-0.409104     0.59608
-0.329606    0.794973
-0.233925    0.956808
-0.126655     1.07271
-0.0130681     1.13587
0.101172      1.1424
0.210362      1.0919
0.309111    0.987493
0.39265    0.835387
0.457057    0.644068
0.499398    0.423414
0.517794    0.183965
0.511443  -0.0635174
0.480619   -0.308235
0.426679   -0.539399
0.352047   -0.746324
0.260173   -0.918734
0.155437    -1.04736
0.042961    -1.12476
-0.0716628    -1.14624
-0.182707    -1.11044
-0.284666    -1.01959
-0.372583   -0.879173
-0.442299   -0.697162
-0.490615   -0.483153
-0.515371   -0.247569
-0.515485 -0.00113974
-0.490952    0.245339
-0.442844    0.481071
-0.373312    0.695327
-0.285544    0.877678
-0.183692     1.01852
-0.0727074     1.10985
0.0419095     1.14617
0.154432     1.12522
0.259263     1.04831
0.351276    0.920127
0.426083     0.74808
0.480226    0.541426
0.51127    0.310436
0.517849   0.0657935
0.499678   -0.181713
0.457549   -0.421284
0.393333   -0.642159
0.309954   -0.833794
0.211324   -0.986302
0.102206    -1.09118
-0.0120133    -1.14219
-0.125632    -1.13619
-0.232985    -1.07354
-0.328795   -0.958094
-0.408459   -0.796642
-0.468264   -0.598045
-0.505501   -0.372376
-0.518526   -0.130253
-0.506772    0.117548
-0.470749    0.360226
-0.412049    0.587003
-0.333324    0.787247
-0.23824     0.95084
-0.131356     1.06884
-0.0179239     1.13433
0.0964048     1.14329
0.205921     1.09516
0.305213    0.992925
0.389481    0.842677
0.454763    0.652823
0.498083    0.433198
0.517516    0.194327
0.512212  -0.0530347
0.482403   -0.298088
0.429399   -0.530043
0.355579   -0.738205
0.264351   -0.912272
0.16006    -1.04291
0.0477999     -1.1226
-0.0668494    -1.14649
-0.178159    -1.11309
-0.280607    -1.02448
-0.369209   -0.886015
-0.439766   -0.705576
-0.489037   -0.492712
-0.51482   -0.257824
-0.515983  -0.0116349
-0.492477     0.23506
-0.445331    0.471465
-0.376646    0.686844
-0.289572    0.870746
-0.18822     1.01352
-0.077513     1.10707
0.037066     1.14579
0.149792     1.12726
0.255057     1.05264
0.347706    0.926494
0.423318    0.756123
0.478391    0.550729
0.510447    0.320554
0.518074   0.0762701
0.50094   -0.171334
0.459794   -0.411459
0.39646   -0.633341
0.313818   -0.826419
0.215742   -0.980765
0.106962     -1.0878
-0.00715618    -1.14118
-0.120916     -1.1376
-0.228645    -1.07729
-0.325042   -0.963962
-0.40547   -0.804288
-0.466177   -0.607062
-0.504409   -0.382325
-0.518477    -0.14068
-0.507767    0.107099
-0.472746    0.350213
-0.414958    0.577879
-0.337013    0.779455
-0.242534     0.94479
-0.136046     1.06487
-0.022778     1.13268
0.0916292     1.14407
0.201461     1.09832
0.301289    0.998271
0.386278    0.849896
0.452431    0.661524
0.496725    0.442948
0.517193    0.204673
0.512938  -0.0425478
0.484146   -0.287917
0.432082   -0.520644
0.359079   -0.730025
0.268506   -0.905731
0.164668    -1.03838
0.0526346    -1.12034
-0.0620299    -1.14664
-0.173595    -1.11565
-0.276524    -1.02929
-0.365802   -0.892781
-0.437195   -0.713932
-0.487418   -0.502232
-0.514224   -0.268059
-0.516437  -0.0221292
-0.493961    0.224763
-0.447778    0.461822
-0.379948    0.678304
-0.293574     0.86374
-0.192731     1.00843
-0.0823116      1.1042
0.0322191     1.14531
0.145139      1.1292
0.250828     1.05689
0.344106    0.932782
0.420516    0.764105
0.476515    0.559989
0.50958    0.330646
0.518254   0.0867408
0.50216   -0.160941
0.462   -0.401601
0.399553   -0.624471
0.317655   -0.818974
0.220141   -0.975144
0.111708    -1.08433
-0.00229839    -1.14007
-0.11619    -1.13892
-0.224285    -1.08095
-0.32126   -0.969747
-0.402446   -0.811866
-0.464049    -0.61603
-0.503274   -0.392244
-0.518383   -0.151096
-0.508719   0.0966423
-0.474702    0.340172
-0.417831    0.568709
-0.340671    0.771598
-0.246806    0.938658
-0.140724     1.06081
-0.0276302     1.13094
0.0868454     1.14476
0.196984     1.10139
0.297337     1.00353
0.383042    0.857043
0.450059    0.670172
0.495325    0.452662
0.516825    0.215004
0.51362  -0.0320576
0.485847   -0.277724
0.434727   -0.511203
0.362548   -0.721784
0.272637   -0.899113
0.169262    -1.03375
0.0574644    -1.11798
-0.0572049    -1.14669
-0.169016    -1.11811
-0.272416      -1.034
-0.362363   -0.899471
-0.434586   -0.722229
-0.485757   -0.511712
-0.513584   -0.278273
-0.516846  -0.0326217
-0.495401    0.214449
-0.450187    0.452141
-0.383216    0.669708
-0.29755    0.856661
-0.197225     1.00325
-0.0871028     1.10122
0.0273693     1.14472
0.140473     1.13104
0.246576     1.06103
0.340475     0.93899
0.417678    0.772022
0.474598    0.569203
0.508669    0.340712
0.51839   0.0972047
0.503336   -0.150536
0.464165   -0.391711
0.40261    -0.61555
0.321464    -0.81146
0.22452   -0.969438
0.116444    -1.08076
0.0025596    -1.13885
-0.111453    -1.14013
-0.219905    -1.08452
-0.31745   -0.975448
-0.399387   -0.819376
-0.461882   -0.624949
-0.502095   -0.402132
-0.518245     -0.1615
-0.509627    0.086178
-0.476617    0.330104
-0.420668    0.559492
-0.3443    0.763677
-0.251056    0.932446
-0.14539     1.05666
-0.0324798      1.1291
0.0820538     1.14534
0.192489     1.10435
0.29336      1.0087
0.379771    0.864118
0.447648    0.678764
0.493882    0.462341
0.516414    0.225317
0.514257   -0.021565
0.487506   -0.267509
0.437334   -0.501721
0.365986   -0.713484
0.276744   -0.892419
0.173841    -1.02903
0.0622892    -1.11551
-0.0523747    -1.14664
-0.164421    -1.12046
-0.268283    -1.03862
-0.358892   -0.906085
-0.431938   -0.730466
-0.484054    -0.52115
-0.5129   -0.288465
-0.517211  -0.0431118
-0.496799    0.204117
-0.452557    0.442424
-0.386451    0.661058
-0.3015     0.84951
-0.201702    0.997986
-0.0918862     1.09815
0.0225171     1.14403
0.135795     1.13278
0.242303     1.06509
0.336815    0.945117
0.414803    0.779876
0.47264    0.578371
0.507715    0.350752
0.518481    0.107661
0.504469    -0.14012
0.46629   -0.381791
0.405632   -0.606579
0.325244   -0.803878
0.228879   -0.963648
0.12117    -1.07709
0.00741735    -1.13753
-0.106706    -1.14124
-0.215505    -1.08799
-0.313611   -0.981065
-0.396293   -0.826817
-0.459675   -0.633816
-0.500873   -0.411988
-0.518063   -0.171892
-0.510492    0.075707
-0.478491     0.32001
-0.423468     0.55023
-0.347899    0.755693
-0.255283    0.926154
-0.150042     1.05241
-0.0373265     1.12715
0.0772548     1.14581
0.187977     1.10722
0.289356     1.01379
0.376468     0.87112
0.445198    0.687301
0.492396    0.471983
0.515958    0.235613
0.514851  -0.0110706
0.489123   -0.257273
0.439903   -0.492199
0.369391   -0.705125
0.280826   -0.885649
0.178404    -1.02422
0.0671083    -1.11295
-0.0475399    -1.14648
-0.159812    -1.12272
-0.264127    -1.04315
-0.35539   -0.912621
-0.429254   -0.738643
-0.482309   -0.530547
-0.512172   -0.298634
-0.517532  -0.0535984
-0.498155     0.19377
-0.454888    0.432673
-0.389652    0.652353
-0.305424    0.842287
-0.20616    0.992635
-0.0966614     1.09499
0.0176628     1.14324
0.131104     1.13441
0.238009     1.06905
0.333125    0.951163
0.411891    0.787664
0.470641    0.587492
0.506717    0.360764
0.518528    0.118109
0.505559   -0.129692
0.468375    -0.37184
0.408619   -0.597558
0.328996   -0.796229
0.233218   -0.957776
0.125885    -1.07333
0.0122744    -1.13611
-0.10195    -1.14224
-0.211086    -1.09136
-0.309745   -0.986597
-0.393164   -0.834189
-0.457428   -0.642632
-0.499609   -0.421811
-0.517836    -0.18227
-0.511313   0.0652301
-0.480324    0.309891
-0.426231    0.540924
-0.351467    0.747645
-0.259488    0.919783
-0.154681     1.04808
-0.0421699     1.12511
0.0724488     1.14619
0.183448     1.10999
0.285327     1.01878
0.373131    0.878048
0.44271    0.695782
0.490868    0.481587
0.515457    0.245891
0.5154-0.000575433
0.490698   -0.247017
0.442434   -0.482638
0.372764   -0.696708
0.284883   -0.878803
0.182951    -1.01933
0.0719214    -1.11029
-0.0427007    -1.14622
-0.155189    -1.12488
-0.259948    -1.04759
-0.351856   -0.919079
-0.426532   -0.746759
-0.480522   -0.539901
-0.5114    -0.30878
-0.517808  -0.0640809
-0.499467    0.183407
-0.457179    0.422886
-0.392819    0.643596
-0.30932    0.834993
-0.2106    0.987198
-0.101428     1.09172
0.012807     1.14235
0.126402     1.13595
0.233693     1.07291
0.329405    0.957127
0.408944    0.795387
0.468601    0.596566
0.505675    0.370747
0.51853    0.128548
0.506605   -0.119254
0.470419    -0.36186
0.41157    -0.58849
0.332718   -0.788514
0.237536   -0.951821
0.130589    -1.06948
0.0171304    -1.13458
-0.0971845    -1.14315
-0.206648    -1.09463
-0.305852   -0.992043
-0.390001    -0.84149
-0.455141   -0.651396
-0.498301   -0.431601
-0.517564   -0.192634
-0.512089   0.0547481
-0.482115    0.299748
-0.428957    0.531575
-0.355004    0.739536
-0.26367    0.913333
-0.159306     1.04365
-0.0470094     1.12296
0.0676364     1.14646
0.178903     1.11267
0.281272     1.02369
0.369762    0.884902
0.440183    0.704205
0.489298    0.491153
0.514913    0.256149
0.515905  0.00991981
0.492231   -0.236741
0.444927   -0.473038
0.376104   -0.688234
0.288915   -0.871883
0.187481    -1.01434
0.0767281    -1.10753
-0.0378578    -1.14586
-0.150551    -1.12693
-0.255745    -1.05194
-0.348291   -0.925459
-0.423773   -0.754813
-0.478694   -0.549212
-0.510584   -0.318902
-0.51804  -0.0745584
-0.500737    0.173031
-0.45943    0.413067
-0.395952    0.634785
-0.313189    0.827629
-0.215021    0.981676
-0.106185     1.08836
0.00795     1.14135
0.121688     1.13738
0.229356     1.07668
0.325657    0.963009
0.405961    0.803043
0.46652    0.605592
0.504591    0.380701
0.518488    0.138977
0.507608   -0.108807
0.472422   -0.351851
0.414485   -0.579373
0.336412   -0.780733
0.241833   -0.945784
0.135281    -1.06553
0.0219849    -1.13296
-0.0924102    -1.14395
-0.202191    -1.09781
-0.301932   -0.997404
-0.386804   -0.848721
-0.452814   -0.660106
-0.49695   -0.441357
-0.517248   -0.202983
-0.512822   0.0442618
-0.483864    0.289581
-0.431646    0.522183
-0.358509    0.731366
-0.267829    0.906805
-0.163916     1.03912
-0.0518448     1.12072
0.0628179     1.14663
0.174342     1.11524
0.277193     1.02851
0.366361     0.89168
0.437618     0.71257
0.487686    0.500679
0.514324    0.266388
0.516366   0.0204143
0.493721   -0.226447
0.447381     -0.4634
0.379411   -0.679703
0.292922    -0.86489
0.191995    -1.00926
0.0815279    -1.10467
-0.0330114    -1.14539
-0.1459    -1.12889
-0.25152     -1.0562
-0.344696    -0.93176
-0.420977   -0.762805
-0.476825   -0.558479
-0.509724   -0.328998
-0.518227  -0.0850301
-0.501963     0.16264
-0.461642    0.403214
-0.39905    0.625924
-0.31703    0.820195
-0.219423    0.976068
-0.110933      1.0849
0.00309229     1.14025
0.116963     1.13871
0.224999     1.08036
0.32188    0.968807
0.402943    0.810632
0.4644    0.614568
0.503462    0.390625
0.518402    0.149395
0.508567  -0.0983517
0.474385   -0.341815
0.417364    -0.57021
0.340075   -0.772887
0.246109   -0.939666
0.139961    -1.06148
0.0268374    -1.13123
-0.0876277    -1.14465
-0.197717    -1.10089
-0.297985    -1.00268
-0.383573    -0.85588
-0.450449   -0.668762
-0.495557   -0.451077
-0.516888   -0.213317
-0.513511   0.0337722
-0.485572    0.279391
-0.434297    0.512749
-0.361984    0.723135
-0.271964      0.9002
-0.168512     1.03451
-0.0566755     1.11837
0.0579938     1.14669
0.169765     1.11771
0.273089     1.03324
0.362927    0.898383
0.435015    0.720877
0.486031    0.510165
0.513692    0.276605
0.516782   0.0309072
0.495169   -0.216135
0.449796   -0.453726
0.382685   -0.671117
0.296902   -0.857823
0.196492     -1.0041
0.0863203    -1.10172
-0.0281621    -1.14482
-0.141237    -1.13074
-0.247273    -1.06036
-0.341071   -0.937981
-0.418144   -0.770733
-0.474914     -0.5677
-0.508821   -0.339069
-0.51837  -0.0954952
-0.503147    0.152237
-0.463814     0.39333
-0.402113    0.617011
-0.320843    0.812693
-0.223806    0.970376
-0.115671     1.08135
-0.0017657     1.13905
0.112228     1.13994
0.220622     1.08394
0.318074    0.974522
0.39989    0.818153
0.462239    0.623495
0.502291    0.400518
0.518271    0.159801
0.509482  -0.0878886
0.476307   -0.331751
0.420207   -0.561001
0.343709   -0.764976
0.250363   -0.933467
0.144628    -1.05734
0.0316874    -1.12941
-0.0828373    -1.14525
-0.193225    -1.10388
-0.294011    -1.00786
-0.380308   -0.862967
-0.448044   -0.677364
-0.494121   -0.460762
-0.516484   -0.223633
-0.514156   0.0232798
-0.487238     0.26918
-0.436911    0.503273
-0.365426    0.714845
-0.276074    0.893518
-0.173093     1.02981
-0.0615011     1.11592
0.0531644     1.14665
0.165173     1.12009
0.26896     1.03787
0.359461    0.905009
0.432374    0.729124
0.484335    0.519611
0.513015    0.286801
0.517155   0.0413977
0.496574   -0.205807
0.452172   -0.444015
0.385925   -0.662475
0.300857   -0.850683
0.200971   -0.998852
0.091105    -1.09866
-0.0233102    -1.14415
-0.13656     -1.1325
-0.243003    -1.06443
-0.337415   -0.944121
-0.415275   -0.778597
-0.472962   -0.576876
-0.507874   -0.349113
-0.518469   -0.105953
-0.504287    0.141823
-0.465945    0.383414
-0.405141    0.608048
-0.324628    0.805122
-0.228168      0.9646
-0.120399      1.0777
-0.00662352     1.13775
0.107483     1.14106
0.216225     1.08742
0.314241    0.980153
0.396801    0.825606
0.460038    0.632371
0.501076    0.410379
0.518096    0.170195
0.510354  -0.0774186
0.478188   -0.321662
0.423013   -0.551747
0.347313   -0.757002
0.254594   -0.927188
0.149282    -1.05311
0.0365347    -1.12748
-0.0780395    -1.14574
-0.188716    -1.10676
-0.290012    -1.01296
-0.37701   -0.869981
-0.445601    -0.68591
-0.492642    -0.47041
-0.516035   -0.233932
-0.514757   0.0127857
-0.488862    0.258947
-0.439486    0.493758
-0.368837    0.706495
-0.280161     0.88676
-0.177659     1.02502
-0.0663212     1.11338
0.0483303     1.14651
0.160566     1.12236
0.264808     1.04242
0.355964    0.911558
0.429695    0.737311
0.482597    0.529014
0.512294    0.296974
0.517482   0.0518849
0.497936   -0.195462
0.454509   -0.434269
0.389131   -0.653779
0.304784   -0.843472
0.205433   -0.993516
0.0958816    -1.09551
-0.0184562    -1.14338
-0.131871    -1.13415
-0.238712    -1.06841
-0.33373    -0.95018
-0.41237   -0.786396
-0.47097   -0.586005
-0.506883    -0.35913
-0.518523   -0.116402
-0.505384    0.131397
-0.468037    0.373468
-0.408133    0.599036
-0.328385    0.797484
-0.232511    0.958741
-0.125115     1.07395
-0.0114808     1.13635
0.102728     1.14209
0.211809     1.09081
0.310379    0.985699
0.393678    0.832989
0.457797    0.641195
0.499818    0.420208
0.517876    0.180575
0.511182  -0.0669426
0.480027   -0.311547
0.425782   -0.542448
0.350886   -0.748965
0.258803    -0.92083
0.153924    -1.04879
0.0413786    -1.12545
-0.0732347    -1.14613
-0.184189    -1.10955
-0.285987    -1.01797
-0.373679   -0.876921
-0.443119     -0.6944
-0.491121    -0.48002
-0.515542   -0.244213
-0.515313  0.00229061
-0.490444    0.248694
-0.442023    0.484203
-0.372215    0.698088
-0.284222    0.879927
-0.182209     1.02013
-0.0711353     1.11073
0.0434918     1.14627
0.155945     1.12453
0.260633     1.04688
0.352436    0.918029
0.426979    0.745437
0.480817    0.538376
0.511529    0.307124
0.517766   0.0623682
0.499256   -0.185102
0.456807   -0.424488
0.392304    -0.64503
0.308685    -0.83619
0.209876   -0.988093
0.10065    -1.09226
-0.0136006     -1.1425
-0.127171     -1.1357
-0.2344    -1.07229
-0.330015   -0.956158
-0.409428   -0.794129
-0.468937   -0.595087
-0.505849   -0.369118
-0.518533   -0.126843
-0.506437    0.120961
-0.470088    0.363493
-0.41109    0.589975
-0.332112    0.789779
-0.236832      0.9528
-0.129821     1.07011
-0.016337     1.13484
0.0979639     1.14301
0.207374      1.0941
0.30649    0.991159
0.39052    0.840302
0.455517    0.649967
0.498517    0.430004
0.517612    0.190942
0.511966  -0.0564614
0.481825   -0.301407
0.428514   -0.533106
0.354428   -0.740866
0.262988   -0.914392
0.158551    -1.04438
0.0462188    -1.12332
-0.0684233    -1.14642
-0.179647    -1.11224
-0.281936    -1.02289
-0.370315   -0.883787
-0.440598   -0.702832
-0.489558   -0.489592
-0.515005   -0.254474
-0.515825 -0.00820469
-0.491983    0.238422
-0.444522    0.474609
-0.37556    0.689623
-0.288258    0.873019
-0.186742     1.01516
-0.075943     1.10799
0.0386495     1.14592
0.15131     1.12661
0.256434     1.05124
0.348876    0.924422
0.424226    0.753501
0.478995    0.547693
0.51072    0.317249
0.518005   0.0728465
0.500532   -0.174727
0.459065   -0.414674
0.395442   -0.636229
0.312558   -0.828837
0.2143   -0.982584
0.105408    -1.08892
-0.0087438    -1.14152
-0.122459    -1.13715
-0.230066    -1.07607
-0.326272   -0.962053
-0.406451   -0.801796
-0.466863    -0.60412
-0.504771   -0.379076
-0.518498   -0.137273
-0.507447    0.110515
-0.472098    0.353489
-0.414011    0.580866
-0.33581    0.782009
-0.241133    0.946776
-0.134515     1.06618
-0.0211917     1.13323
0.093191     1.14383
0.202921      1.0973
0.302574    0.996534
0.387329    0.847544
0.453197    0.658686
0.497174    0.439765
0.517303    0.201293
0.512706  -0.0459758
0.483581   -0.291244
0.431209    -0.52372
0.357939   -0.732705
0.267151   -0.907877
0.163164    -1.03987
0.0510549    -1.12109
-0.0636058    -1.14661
-0.175088    -1.11482
-0.277861    -1.02773
-0.366919   -0.890578
-0.438039   -0.711207
-0.487952   -0.499125
-0.514424   -0.264716
-0.516293  -0.0186993
-0.49348    0.228131
-0.446983    0.464978
-0.378873    0.681101
-0.292269    0.866038
-0.191259      1.0101
-0.080744     1.10515
0.0338036     1.14548
0.146661     1.12858
0.252212     1.05551
0.345286    0.930736
0.421436    0.761503
0.477133    0.556967
0.509868     0.32735
0.5182   0.0833192
0.501766   -0.164339
0.461283   -0.404827
0.398546   -0.627375
0.316404   -0.821415
0.218705    -0.97699
0.110158    -1.08547
-0.00388618    -1.14044
-0.117736     -1.1385
-0.225713    -1.07977
-0.322499   -0.967865
-0.403439   -0.809396
-0.464749   -0.613105
-0.50365   -0.389005
-0.518419   -0.147693
-0.508413    0.100061
-0.474067    0.343457
-0.416896    0.571711
-0.339479    0.774173
-0.245412    0.940671
-0.139197     1.06215
-0.0260445     1.13152
0.0884098     1.14454
0.198449      1.1004
0.298632     1.00182
0.384103    0.854715
0.450838    0.667351
0.495787    0.449491
0.51695    0.211629
0.513402  -0.0354866
0.485296   -0.281058
0.433866   -0.514293
0.361418   -0.724484
0.27129   -0.901285
0.167762    -1.03527
0.0558864    -1.11876
-0.0587825    -1.14669
-0.170514    -1.11731
-0.273761    -1.03247
-0.36349   -0.897293
-0.435443   -0.719524
-0.486304   -0.508618
-0.513798   -0.274937
-0.516717  -0.0291925
-0.494935    0.217822
-0.449404    0.455309
-0.382152    0.672524
-0.296254    0.858982
-0.195758     1.00495
-0.0855377     1.10221
0.0289547     1.14492
0.142     1.13045
0.247968     1.05969
0.341665     0.93697
0.418609    0.769441
0.475229    0.566196
0.508972    0.337425
0.51835   0.0937855
0.502956   -0.153938
0.463462   -0.394947
0.401614   -0.618471
0.320222   -0.813923
0.223091   -0.971312
0.114897    -1.08193
0.000971791    -1.13926
-0.113002    -1.13974
-0.221339    -1.08336
-0.318698   -0.973594
-0.400391   -0.816929
-0.462595   -0.622039
-0.502485   -0.398904
-0.518295   -0.158101
-0.509335    0.089599
-0.475996    0.333398
-0.419745    0.562509
-0.343117    0.766273
-0.249669    0.934485
-0.143866     1.05803
-0.030895     1.12971
0.0836207     1.14516
0.19396      1.1034
0.294662     1.00702
0.380844    0.861814
0.44844    0.675962
0.494358    0.459182
0.516553    0.221948
0.514054  -0.0249947
0.486969    -0.27085
0.436486   -0.504825
0.364866   -0.716203
0.275404   -0.894615
0.172346    -1.03058
0.0607128    -1.11633
-0.053954    -1.14667
-0.165924     -1.1197
-0.269637    -1.03712
-0.36003   -0.903932
-0.432808   -0.727781
-0.484615    -0.51807
-0.513128   -0.285136
-0.517097  -0.0396835
-0.496347    0.207496
-0.451787    0.445604
-0.385398    0.663891
-0.300212    0.851855
-0.200241    0.999716
-0.0903237     1.09917
0.0241033     1.14427
0.137325     1.13222
0.243702     1.06377
0.338015    0.943123
0.415746    0.777316
0.473284     0.57538
0.508032    0.347474
0.518456    0.104244
0.504103   -0.143525
0.4656   -0.385037
0.404648   -0.609516
0.324012   -0.806364
0.227457    -0.96555
0.119627     -1.0783
0.00582967    -1.13797
-0.108259    -1.14089
-0.216945    -1.08686
-0.314869   -0.979238
-0.397308   -0.824392
-0.460401   -0.630924
-0.501278    -0.40877
-0.518127   -0.168497
-0.510214   0.0791301
-0.477883    0.323312
-0.422557    0.553262
-0.346726    0.758309
-0.253904    0.928219
-0.148523     1.05381
-0.0357427      1.1278
0.0788241     1.14567
0.189454      1.1063
0.290667     1.01214
0.377551     0.86884
0.446003    0.684517
0.492887    0.468836
0.516112     0.23225
0.514661  -0.0145008
0.488599   -0.260621
0.439068   -0.495316
0.368281   -0.707864
0.279494    -0.88787
0.176914     -1.0258
0.0655339     -1.1138
-0.0491206    -1.14654
-0.16132    -1.12199
-0.265488    -1.04168
-0.356538   -0.910493
-0.430135   -0.735977
-0.482883    -0.52748
-0.512415   -0.295313
-0.517432  -0.0501713
-0.497717    0.197154
-0.45413    0.435864
-0.38861    0.655204
-0.304144    0.844655
-0.204705    0.994394
-0.0951016     1.09603
0.0192496     1.14351
0.132638     1.13389
0.239415     1.06776
0.334334    0.949196
0.412847    0.785126
0.471298    0.584516
0.507048    0.357495
0.518517    0.114695
0.505207   -0.133101
0.467698   -0.375096
0.407647   -0.600512
0.327773   -0.798737
0.231802   -0.959704
0.124345    -1.07457
0.010687    -1.13658
-0.103506    -1.14193
-0.212532    -1.09027
-0.311012   -0.984798
-0.394191   -0.831787
-0.458166   -0.639756
-0.500027   -0.418604
-0.517915    -0.17888
-0.511049    0.068655
-0.479729    0.313201
-0.425332    0.543971
-0.350304    0.750282
-0.258116    0.921874
-0.153166      1.0495
-0.0405872     1.12579
0.0740204     1.14608
0.18493      1.1091
0.286646     1.01716
0.374226    0.875792
0.443527    0.693016
0.491372    0.478452
0.515626    0.242534
0.515225 -0.00400578
0.490188   -0.250371
0.441611   -0.485767
0.371665   -0.699465
0.28356   -0.881049
0.181466    -1.02094
0.070349    -1.11117
-0.0442828    -1.14632
-0.156701    -1.12418
-0.261317    -1.04615
-0.353014   -0.916977
-0.427426   -0.744113
-0.48111   -0.536849
-0.511657   -0.305467
-0.517723  -0.0606553
-0.499043    0.186796
-0.456434    0.426089
-0.391788    0.646464
-0.308049    0.837385
-0.209151    0.988985
-0.0998709      1.0928
0.0143942     1.14265
0.12794     1.13546
0.235106     1.07166
0.330624    0.955187
0.409911     0.79287
0.469272    0.593606
0.506021    0.367487
0.518534    0.125137
0.506268   -0.122667
0.469755   -0.365125
0.410609   -0.591459
0.331505   -0.791043
0.236127   -0.953776
0.129053    -1.07075
0.0155434    -1.13509
-0.098743    -1.14286
-0.2081    -1.09357
-0.307128   -0.990273
-0.391039   -0.839112
-0.455892   -0.648537
-0.498733   -0.428405
-0.517658   -0.189249
-0.51184   0.0581746
-0.481534    0.303066
-0.42807    0.534635
-0.353851    0.742193
-0.262306     0.91545
-0.157796      1.0451
-0.0454281     1.12367
0.06921     1.14638
0.18039      1.1118
0.2826      1.0221
0.370867     0.88267
0.441013    0.701458
0.489816     0.48803
0.515096    0.252799
0.515745  0.00648954
0.491735   -0.240102
0.444117    -0.47618
0.375016    -0.69101
0.2876   -0.874153
0.186002    -1.01598
0.0751578    -1.10845
-0.0394411    -1.14599
-0.152068    -1.12627
-0.257122    -1.05053
-0.34946   -0.923383
-0.424679   -0.752188
-0.479296   -0.546174
-0.510856   -0.315596
-0.517969  -0.0711345
-0.500327    0.176424
-0.458699     0.41628
-0.394932    0.637671
-0.311927    0.830043
-0.213578     0.98349
-0.104631     1.08947
0.00953758     1.14169
0.12323     1.13692
0.230776     1.07546
0.326885    0.961095
0.40694    0.800548
0.467205    0.602647
0.50495    0.377451
0.518507    0.135569
0.507285   -0.112223
0.471772   -0.355126
0.413536   -0.582358
0.335208   -0.783283
0.240431   -0.947766
0.133749    -1.06683
0.0203984     -1.1335
-0.0939716     -1.1437
-0.20365    -1.09678
-0.303216   -0.995661
-0.387853   -0.846366
-0.453579   -0.657265
-0.497396   -0.438172
-0.517357   -0.199603
-0.512588   0.0476896
-0.483297    0.292907
-0.430771    0.525257
-0.357367    0.734043
-0.266472    0.908947
-0.162411     1.04061
-0.0502649     1.12146
0.0643934     1.14658
0.175834     1.11441
0.278529     1.02694
0.367476    0.889473
0.43846    0.709843
0.488217     0.49757
0.514522    0.263044
0.51622   0.0169844
0.493239   -0.229814
0.446583   -0.466554
0.378333   -0.682497
0.291615   -0.867184
0.190522    -1.01093
0.0799599    -1.10562
-0.0345958    -1.14556
-0.147422    -1.12826
-0.252904    -1.05482
-0.345875   -0.929709
-0.421895     -0.7602
-0.47744   -0.555455
-0.51001   -0.325701
-0.518171  -0.0816082
-0.501567    0.166038
-0.460923    0.406438
-0.398041    0.628826
-0.315778    0.822632
-0.217987     0.97791
-0.109382     1.08604
0.00468006     1.14062
0.118509     1.13828
0.226425     1.07917
0.323118    0.966921
0.403933    0.808159
0.465097     0.61164
0.503836    0.387385
0.518435    0.145991
0.508258    -0.10177
0.473748   -0.345098
0.416427    -0.57321
0.338881   -0.775458
0.244714   -0.941674
0.138433    -1.06281
0.0252516    -1.13181
-0.0891917    -1.14443
-0.199181     -1.0999
-0.299278    -1.00096
-0.384633   -0.853548
-0.451226   -0.665939
-0.496017   -0.447904
-0.517011   -0.209941
-0.513291    0.037201
-0.485018    0.282724
-0.433435    0.515837
-0.360852    0.725832
-0.270615    0.902367
-0.167012     1.03603
-0.0550971     1.11915
0.0595711     1.14668
0.171263     1.11691
0.274433      1.0317
0.364053    0.896201
0.43587    0.718169
0.486576    0.507069
0.513903    0.273268
0.516651   0.0274779
0.4947   -0.219508
0.449011   -0.456892
0.381618   -0.673929
0.295604    -0.86014
0.195024     -1.0058
0.0847548    -1.10269
-0.0297473    -1.14502
-0.142762    -1.13015
-0.248663    -1.05901
-0.342259   -0.935956
-0.419074   -0.768148
-0.475543   -0.564691
-0.509121    -0.33578
-0.518329  -0.0920755
-0.502765    0.155639
-0.463108    0.396564
-0.401115     0.61993
-0.3196    0.815152
-0.222376    0.972246
-0.114124     1.08252
-0.000177884     1.13946
0.113777     1.13955
0.222055     1.08278
0.319321    0.972663
0.400891    0.815702
0.46295    0.620583
0.502678    0.397288
0.518319    0.156401
0.509188  -0.0913092
0.475683   -0.335043
0.419282   -0.564016
0.342525   -0.767568
0.248975   -0.935502
0.143104    -1.05871
0.0301025    -1.13001
-0.0844039    -1.14506
-0.194695    -1.10291
-0.295313    -1.00618
-0.381379   -0.860659
-0.448835   -0.674558
-0.494595     -0.4576
-0.516621   -0.220263
-0.51395   0.0267094
-0.486698     0.27252
-0.436061    0.506375
-0.364304    0.717561
-0.274733    0.895711
-0.171598     1.03136
-0.0599244     1.11673
0.0547434     1.14668
0.166675     1.11932
0.270312     1.03637
0.360597    0.902852
0.433241    0.726435
0.484894    0.516528
0.513241    0.283471
0.517038   0.0379692
0.496119   -0.209184
0.4514   -0.447193
0.38487   -0.665305
0.299567   -0.853025
0.199509    -1.00058
0.0895421    -1.09967
-0.0248963    -1.14438
-0.13809    -1.13194
-0.244401    -1.06311
-0.338613   -0.942123
-0.416217   -0.776033
-0.473605   -0.573882
-0.508188   -0.345833
-0.518442   -0.102536
-0.503919    0.145228
-0.465253    0.386658
-0.404155    0.610983
-0.323394    0.807604
-0.226745    0.966497
-0.118855      1.0789
-0.00503581     1.13819
0.109035     1.14071
0.217664      1.0863
0.315497    0.978322
0.397814    0.823177
0.460762    0.629475
0.501478     0.40716
0.518158    0.166799
0.510074  -0.0808414
0.477577   -0.324962
0.4221   -0.554777
0.346138   -0.759615
0.253213   -0.929249
0.147763    -1.05451
0.0349507    -1.12812
-0.0796084    -1.14559
-0.190191    -1.10583
-0.291322    -1.01131
-0.378092   -0.867696
-0.446404   -0.683123
-0.49313    -0.46726
-0.516187   -0.230568
-0.514565   0.0162158
-0.488336    0.262294
-0.438648    0.496872
-0.367725    0.709231
-0.278828    0.888977
-0.176168     1.02659
-0.0647464     1.11422
0.0499108     1.14657
0.162073     1.12163
0.266168     1.04094
0.357111    0.909426
0.430575    0.734642
0.483169    0.525945
0.512534    0.293651
0.51738   0.0484576
0.497496   -0.198845
0.45375   -0.437458
0.388087   -0.656627
0.303503   -0.845837
0.203977   -0.995269
0.0943213    -1.09655
-0.0200429    -1.14364
-0.133405    -1.13362
-0.240117    -1.06712
-0.334938   -0.948209
-0.413323   -0.783854
-0.471626   -0.583026
-0.507212   -0.355859
-0.51851   -0.112988
-0.50503    0.134806
-0.467358    0.376722
-0.407159    0.601987
-0.32716    0.799988
-0.231094    0.960665
-0.123575     1.07519
-0.00989329     1.13682
0.104283     1.14176
0.213255     1.08972
0.311644    0.983895
0.394703    0.830583
0.458534    0.638316
0.500234    0.416999
0.517953    0.177184
0.510916  -0.0703672
0.47943   -0.314855
0.424881   -0.545492
0.349721   -0.751598
0.25743   -0.922916
0.152408    -1.05021
0.0397958    -1.12612
-0.0748059    -1.14602
-0.185671    -1.10865
-0.287305    -1.01635
-0.374771   -0.874661
-0.443934   -0.691631
-0.491623   -0.476883
-0.515708   -0.240855
-0.515136  0.00572094
-0.489931    0.252048
-0.441198     0.48733
-0.371114    0.700842
-0.282897    0.882169
-0.180723     1.02174
-0.0695625     1.11161
0.0450737     1.14636
0.157457     1.12383
0.262     1.04543
0.353592    0.915923
0.427871    0.742788
0.481403    0.535321
0.511784    0.303809
0.517678   0.0589423
0.498829    -0.18849
0.45606   -0.427689
0.391271   -0.647896
0.307413   -0.838578
0.208426   -0.989875
0.0990921    -1.09333
-0.0151878     -1.1428
-0.128708    -1.13521
-0.235811    -1.07103
-0.331233   -0.954213
-0.410394   -0.791609
-0.469606   -0.592124
-0.506191   -0.365856
-0.518535   -0.123431
-0.506097    0.124373
-0.469422    0.366756
-0.410128    0.592942
-0.330897    0.792305
-0.235422    0.954751
-0.128284     1.07138
-0.0147499     1.13534
0.099522     1.14272
0.208826     1.09304
0.307764    0.989384
0.391556    0.837919
0.456267    0.647106
0.498947    0.426806
0.517703    0.187555
0.511714  -0.0598876
0.481242   -0.304724
0.427625   -0.536164
0.353273    -0.74352
0.261623   -0.916505
0.15704    -1.04583
0.0446372    -1.12403
-0.0699966    -1.14634
-0.181133    -1.11137
-0.283263     -1.0213
-0.371418   -0.881551
-0.441426   -0.700082
-0.490073   -0.486468
-0.515185   -0.251122
-0.515663 -0.00477438
-0.491485    0.241781
-0.44371    0.477749
-0.37447    0.692396
-0.286942    0.875285
-0.185262      1.0168
-0.0743724      1.1089
0.0402326     1.14605
0.152826     1.12594
0.257809     1.04982
0.350043    0.922341
0.42513    0.750872
0.479595    0.544653
0.51099    0.313943
0.517932   0.0694223
0.50012    -0.17812
0.458331   -0.417885
0.39442   -0.639111
0.311295   -0.831248
0.212856   -0.984394
0.103854    -1.09002
-0.0103313    -1.14185
-0.124    -1.13669
-0.231485    -1.07485
-0.327498   -0.960135
-0.407428   -0.799298
-0.467545   -0.601173
-0.505128   -0.375825
-0.518514   -0.133865
-0.507121     0.11393
-0.471445    0.356762
-0.41306    0.583849
-0.334605    0.784556
-0.239729    0.948754
-0.132982     1.06747
-0.0196051     1.13377
0.094752     1.14357
0.204379     1.09627
0.303857    0.994786
0.388376    0.845185
0.45396    0.655842
0.497618    0.436578
0.517409    0.197912
0.512469  -0.0494034
0.483012   -0.294568
0.430332   -0.526793
0.356794   -0.735379
0.265793   -0.910015
0.161658    -1.04135
0.0494747    -1.12183
-0.065181    -1.14656
-0.17658    -1.11399
-0.279196    -1.02616
-0.368032   -0.888366
-0.43888   -0.708476
-0.488481   -0.496013
-0.514618   -0.261371
-0.516145  -0.0152693
-0.492996    0.231496
-0.446183     0.46813
-0.377794    0.683892
-0.290961    0.868328
-0.189784     1.01176
-0.0791756     1.10609
0.0353878     1.14563
0.148182     1.12794
0.253595     1.05412
0.346463    0.928681
0.422352    0.758895
0.477746    0.553941
0.510151    0.324052
0.518141    0.079897
