0        0.25
0.0125        0.25
0.024375     0.11875
0.0350314    0.106564
0.0439366   0.0890517
0.0506456   0.0670905
0.0548235   0.0417785
0.0562615   0.0143805
0.054888  -0.0137354
0.0507714  -0.0411656
0.0441174  -0.0665404
0.0352582   -0.088592
0.0246364   -0.106217
0.012783   -0.118534
0.000290435   -0.124926
-0.0122167   -0.125071
-0.0241129   -0.118963
-0.0348037   -0.106907
-0.0437546  -0.0895091
-0.0505185  -0.0676388
-0.0547575  -0.0423903
-0.05626  -0.0150252
-0.054951   0.0130899
-0.0508959   0.0405516
-0.044297   0.0659886
-0.035484   0.0881299
-0.0248972    0.105868
-0.0130657    0.118315
-0.000580862    0.124848
0.011933    0.125139
0.0238502    0.119172
0.034575    0.107248
0.0435714   0.0899641
0.05039   0.0681853
0.0546901    0.043001
0.056257   0.0156696
0.0550126  -0.0124441
0.051019  -0.0399365
0.0444755   -0.065435
0.0357089  -0.0876654
0.0251573   -0.105516
0.013348   -0.118093
0.000871274   -0.124767
-0.011649   -0.125203
-0.0235869   -0.119378
-0.0343455   -0.107586
-0.0433871  -0.0904168
-0.0502601    -0.06873
-0.0546212  -0.0436105
-0.0562525  -0.0163135
-0.0550727    0.011798
-0.0511407   0.0393204
-0.0446527   0.0648796
-0.0359329   0.0871986
-0.0254168    0.105161
-0.01363    0.117868
-0.00116166    0.124683
0.0113647    0.125264
0.0233229    0.119582
0.034115    0.107921
0.0432017    0.090867
0.050129   0.0692728
0.0545508   0.0442189
0.0562465    0.016957
0.0551314  -0.0111515
0.0512611  -0.0387032
0.0448288  -0.0643225
0.0361559  -0.0867294
0.0256755   -0.104803
0.0139116    -0.11764
0.00145202   -0.124595
-0.0110801   -0.125321
-0.0230583   -0.119781
-0.0338836   -0.108253
-0.0430151  -0.0913148
-0.0499964  -0.0698139
-0.0544791   -0.044826
-0.0562391     -0.0176
-0.0551886   0.0105047
-0.0513801    0.038085
-0.0450037   0.0637637
-0.0363779    0.086258
-0.0259336    0.104443
-0.0141928    0.117408
-0.00174234    0.124504
0.0107952    0.125376
0.022793    0.119978
0.0336513    0.108583
0.0428273   0.0917601
0.0498626    0.070353
0.0544058    0.045432
0.0562301   0.0182425
0.0552443 -0.00985767
0.0514977  -0.0374658
0.0451774  -0.0632032
0.036599  -0.0857843
0.026191    -0.10408
0.0144736   -0.117174
0.00203261    -0.12441
-0.01051   -0.125427
-0.0225272   -0.120172
-0.0334181   -0.108909
-0.0426384   -0.092203
-0.0497274  -0.0708903
-0.0543311  -0.0460368
-0.0562196  -0.0188846
-0.0552985  0.00921036
-0.051614   0.0368455
-0.0453499   0.0626411
-0.036819   0.0853082
-0.0264477    0.103714
-0.0147541    0.116936
-0.00232283    0.124313
0.0102246    0.125474
0.0222608    0.120362
0.033184    0.109232
0.0424484   0.0926435
0.0495909   0.0714257
0.054255   0.0466404
0.0562076   0.0195262
0.0553513 -0.00856281
0.0517289  -0.0362243
0.0455211  -0.0620772
0.0370382  -0.0848299
0.0267037   -0.103345
0.0150342   -0.116695
0.00261299   -0.124212
-0.00993885   -0.125518
-0.0219937   -0.120549
-0.032949   -0.109553
-0.0422572  -0.0930815
-0.0494531  -0.0719591
-0.0541774  -0.0472427
-0.0561941  -0.0201672
-0.0554026  0.00791503
-0.0518424   0.0356022
-0.0456912   0.0615117
-0.0372563   0.0843494
-0.0269589    0.102973
-0.0153138    0.116451
-0.00290307    0.124108
0.00965285    0.125559
0.0217261    0.120733
0.0327132    0.109871
0.0420649    0.093517
0.049314   0.0724907
0.0540983   0.0478437
0.0561791   0.0208077
0.0554524 -0.00726703
0.0519545   -0.034979
0.04586  -0.0609446
0.0374734  -0.0838666
0.0272135   -0.102599
0.0155931   -0.116204
0.00319308      -0.124
-0.00936659   -0.125597
-0.0214579   -0.120914
-0.0324765   -0.110185
-0.0418715    -0.09395
-0.0491735  -0.0730204
-0.0540179  -0.0484435
-0.0561626  -0.0214477
-0.0555008  0.00661885
-0.0520653    0.034355
-0.0460277   0.0603758
-0.0376895   0.0833816
-0.0274673    0.102222
-0.0158719    0.115954
-0.00348301    0.123889
0.00908009    0.125631
0.0211892    0.121091
0.0322389    0.110497
0.0416769   0.0943805
0.0490318   0.0735481
0.053936    0.049042
0.0561447   0.0220871
0.0555476 -0.00597049
0.0521746    -0.03373
0.0461941  -0.0598055
0.0379046  -0.0828943
0.0277204   -0.101842
0.0161504   -0.115701
0.00377284   -0.123775
-0.00879334   -0.125662
-0.0209199   -0.121265
-0.0320005   -0.110806
-0.0414813  -0.0948085
-0.0488887  -0.0740738
-0.0538526  -0.0496392
-0.0561252  -0.0227259
-0.055593  0.00532197
-0.0522826   0.0331041
-0.0463592   0.0592335
-0.0381187   0.0824048
-0.0279728     0.10146
-0.0164284    0.115444
-0.00406257    0.123658
0.00850636    0.125689
0.02065    0.121436
0.0317612    0.111112
0.0412846    0.095234
0.0487443   0.0745976
0.0537678    0.050235
0.0561042   0.0233641
0.0556369 -0.00467331
0.0523892  -0.0324774
0.0465232    -0.05866
0.0383318  -0.0819132
0.0282244   -0.101074
0.0167059   -0.115185
0.00435219   -0.123537
-0.00821915   -0.125713
-0.0203795   -0.121604
-0.031521   -0.111415
-0.0410867  -0.0956569
-0.0485986  -0.0751193
-0.0536816  -0.0508296
-0.0560818  -0.0240017
-0.0556793  0.00402452
-0.0524943   0.0318498
-0.0466858   0.0580849
-0.0385439   0.0814193
-0.0284753    0.100687
-0.016983    0.114922
-0.0046417    0.123413
0.00793172    0.125734
0.0201086    0.121768
0.03128    0.111715
0.0408878   0.0960773
0.0484517   0.0756391
0.0535939   0.0514227
0.0560578   0.0246386
0.0557202 -0.00337563
0.0525981  -0.0312213
0.0468473  -0.0575083
0.038755  -0.0809233
0.0287254   -0.100296
0.0172597   -0.114657
0.00493108   -0.123286
-0.00764408   -0.125752
-0.019837    -0.12193
-0.0310382   -0.112012
-0.0406877  -0.0964951
-0.0483034  -0.0761569
-0.0535049  -0.0520146
-0.0560324  -0.0252749
-0.0557597  0.00272664
-0.0527005    0.030592
-0.0470075   0.0569301
-0.038965   0.0804252
-0.0289747   0.0999027
-0.0175359    0.114388
-0.00522033    0.123156
0.00735624    0.125766
0.019565    0.122088
0.0307956    0.112306
0.0404866   0.0969104
0.0481539   0.0766726
0.0534144    0.052605
0.0560054   0.0259105
0.0557977 -0.00207759
0.0528015  -0.0299619
0.0471664  -0.0563504
0.0391739  -0.0799249
0.0292233  -0.0995068
0.0178116   -0.114116
0.00550944   -0.123022
-0.0070682   -0.125776
-0.0192924   -0.122242
-0.0305521   -0.112597
-0.0402844  -0.0973231
-0.048003  -0.0771863
-0.0533224   -0.053194
-0.055977  -0.0265454
-0.0558341  0.00142847
-0.052901    0.029331
-0.0473241   0.0557692
-0.0393819   0.0794224
-0.029471   0.0991083
-0.0180869    0.113842
-0.00579841    0.122885
0.00677997    0.125784
0.0190194    0.122394
0.0303078    0.112885
0.0400811   0.0977331
0.0478509   0.0776979
0.0532291   0.0537816
0.0559471   0.0271796
0.0558691-0.000779326
0.0529992  -0.0286994
0.0474805  -0.0551866
0.0395887  -0.0789179
0.029718  -0.0987071
0.0183616   -0.113564
0.00608722   -0.122744
-0.00649156   -0.125788
-0.0187458   -0.122542
-0.0300627    -0.11317
-0.0398768  -0.0981406
-0.0476976  -0.0782075
-0.0531343  -0.0543678
-0.0559156  -0.0278131
-0.0559026 0.000130156
-0.0530959   0.0280669
-0.0476357   0.0546024
-0.0397946   0.0784113
-0.0299642   0.0983033
-0.0186359    0.113283
-0.00637587    0.122601
0.00620298    0.125789
0.0184717    0.122687
0.0298169    0.113452
0.0396714   0.0985455
0.0475429    0.078715
0.0530382   0.0549525
0.0558827   0.0284458
0.0559346 0.000519018
0.0531913  -0.0274337
0.0477896  -0.0540168
0.0399993  -0.0779025
0.0302097  -0.0978969
0.0189097   -0.112999
0.00666435   -0.122454
-0.00591424   -0.125786
-0.0181971   -0.122829
-0.0295702   -0.113731
-0.0394649  -0.0989477
-0.047387  -0.0792204
-0.0529406  -0.0555358
-0.0558483  -0.0290778
-0.0559652 -0.00116818
-0.0532852   0.0267998
-0.0479422   0.0534298
-0.040203   0.0773917
-0.0304543   0.0974878
-0.019183    0.112713
-0.00695265    0.122303
0.00562533     0.12578
0.017922    0.122967
0.0293227    0.114007
0.0392574   0.0993473
0.0472298   0.0797237
0.0528416   0.0561175
0.0558125   0.0297091
0.0559942  0.00181731
0.0533777  -0.0261652
0.0480935  -0.0528413
0.0404057  -0.0768788
0.030698  -0.0970762
0.0194558   -0.112423
0.00724076    -0.12215
-0.00533628    -0.12577
-0.0176465   -0.123102
-0.0290745   -0.114279
-0.0390489  -0.0997443
-0.0470714  -0.0802248
-0.0527411  -0.0566978
-0.0557751  -0.0303395
-0.0560217 -0.00246639
-0.0534688   0.0255298
-0.0482436   0.0522515
-0.0406072   0.0763639
-0.030941   0.0966619
-0.019728     0.11213
-0.00752868    0.121993
0.00504708    0.125758
0.0173705    0.123234
0.0288254    0.114549
0.0388393    0.100139
0.0469117   0.0807238
0.0526393   0.0572766
0.0557362   0.0309691
0.0560478   0.0031154
0.0535584  -0.0248938
0.0483924  -0.0516602
0.0408077   -0.075847
0.0311832  -0.0962451
0.0199997   -0.111834
0.00781641   -0.121833
-0.00475775   -0.125742
-0.017094   -0.123363
-0.0285756   -0.114816
-0.0386287    -0.10053
-0.0467507  -0.0812207
-0.0525361  -0.0578539
-0.0556959  -0.0315979
-0.0560723 -0.00376433
-0.0536466   0.0242571
-0.0485399   0.0510676
-0.0410071    0.075328
-0.0314245   0.0958258
-0.0202709    0.111535
-0.00810392     0.12167
0.00446829    0.125722
0.0168171    0.123488
0.0283251     0.11508
0.038417    0.100919
0.0465885   0.0817154
0.0524315   0.0584296
0.0556541   0.0322258
0.0560954  0.00441316
0.0537334  -0.0236198
0.0486861  -0.0504736
0.0412054   -0.074807
0.031665  -0.0954039
0.0205416   -0.111234
0.00839122   -0.121504
-0.00417872   -0.125699
-0.0165397    -0.12361
-0.0280738   -0.115341
-0.0382043   -0.101305
-0.0464251   -0.082208
-0.0523255  -0.0590037
-0.0556108  -0.0328529
-0.056117 -0.00506188
-0.0538188   0.0229819
-0.0488309   0.0498783
-0.0414025    0.074284
-0.0319046   0.0949794
-0.0208117    0.110929
-0.00867829    0.121334
0.00388903    0.125673
0.0162619    0.123729
0.0278217    0.115598
0.0379906    0.101689
0.0462604   0.0826983
0.0522181   0.0595763
0.055566   0.0334792
0.056137  0.00571046
0.0539027  -0.0223433
0.0489745  -0.0492816
0.0415986  -0.0737591
0.0321434  -0.0945524
0.0210813   -0.110621
0.00896513   -0.121161
-0.00359924   -0.125644
-0.0159836   -0.123844
-0.0275689   -0.115853
-0.0377759    -0.10207
-0.0460945  -0.0831864
-0.0521093  -0.0601473
-0.0555197  -0.0341045
-0.0561556 -0.00635888
-0.0539852   0.0217042
-0.0491168   0.0486837
-0.0417936   0.0732322
-0.0323813   0.0941229
-0.0213502    0.110311
-0.00925174    0.120985
0.00330935    0.125611
0.015705    0.123956
0.0273154    0.116104
0.0375602    0.102448
0.0459274   0.0836724
0.0519991   0.0607167
0.055472   0.0347289
0.0561727  0.00700714
0.0540662  -0.0210644
0.0492578  -0.0480844
0.0419875  -0.0727033
0.0326184  -0.0936909
0.0216187   -0.109997
0.00953809   -0.120806
-0.00301937   -0.125575
-0.0154259   -0.124065
-0.0270611   -0.116352
-0.0373434   -0.102823
-0.0457591  -0.0841561
-0.0518875  -0.0612845
-0.0554227  -0.0353524
-0.0561883 -0.00765521
-0.0541459   0.0204241
-0.0493975   0.0474838
-0.0421802   0.0721725
-0.0328546   0.0932564
-0.0218865    0.109681
-0.0098242    0.120623
0.00272932    0.125535
0.0151464     0.12417
0.0268061    0.116598
0.0371257    0.103196
0.0455895   0.0846375
0.0517746   0.0618507
0.055372    0.035975
0.0562024  0.00830308
0.054224  -0.0197833
0.0495358   -0.046882
0.0423718  -0.0716398
0.0330899  -0.0928194
0.0221538   -0.109361
0.01011   -0.120437
-0.00243919   -0.125492
-0.0148665   -0.124273
-0.0265504    -0.11684
-0.036907   -0.103566
-0.0454187  -0.0851167
-0.0516602  -0.0624152
-0.0553199  -0.0365966
-0.0562149 -0.00895073
-0.0543007   0.0191419
-0.0496729    0.046279
-0.0425623   0.0711052
-0.0333243   0.0923799
-0.0224204    0.109039
-0.0103956    0.120248
0.00214899    0.125446
0.0145861    0.124372
0.026294    0.117079
0.0366873    0.103933
0.0452467   0.0855937
0.0515445    0.062978
0.0552662   0.0372172
0.056226  0.00959814
0.054376  -0.0185001
0.0498086  -0.0456747
0.0427517  -0.0705687
0.0335579   -0.091938
0.0226865   -0.108714
0.0106809   -0.120056
-0.00185874   -0.125396
-0.0143054   -0.124467
-0.0260369   -0.117315
-0.0364667   -0.104298
-0.0450735  -0.0860683
-0.0514274  -0.0635392
-0.0552111  -0.0378368
-0.0562356  -0.0102453
-0.0544499   0.0178577
-0.0499429   0.0450692
-0.0429399   0.0700303
-0.0337905   0.0914936
-0.022952    0.108386
-0.0109659    0.119861
0.00156844    0.125344
0.0140244    0.124559
0.0257791    0.117547
0.036245    0.104659
0.0448991   0.0865407
0.051309   0.0640987
0.0551545   0.0384554
0.0562437   0.0108922
0.0545222  -0.0172149
0.050076  -0.0444625
0.043127    -0.06949
0.0340223  -0.0910468
0.0232168   -0.108055
0.0112506   -0.119662
-0.0012781   -0.125287
-0.0137429   -0.124648
-0.0255206   -0.117777
-0.0360224   -0.105018
-0.0447235  -0.0870107
-0.0511891  -0.0646564
-0.0550964   -0.039073
-0.0562503  -0.0115388
-0.0545932   0.0165716
-0.0502077   0.0438546
-0.0433129   0.0689479
-0.0342532   0.0905976
-0.0234811    0.107721
-0.011535     0.11946
0.000987719    0.125228
0.0134611    0.124734
0.0252614    0.118003
0.0357989    0.105374
0.0445467   0.0874785
0.0510679   0.0652125
0.0550369   0.0396896
0.0562554    0.012185
0.0546626  -0.0159278
0.0503381  -0.0432455
0.0434977  -0.0684039
0.0344831  -0.0901459
0.0237447   -0.107384
0.0118192   -0.119255
-0.000697316   -0.125165
-0.0131789   -0.124816
-0.0250016   -0.118227
-0.0355743   -0.105727
-0.0443687  -0.0879439
-0.0509454  -0.0657668
-0.0549759  -0.0403051
-0.056259   -0.012831
-0.0547306   0.0152837
-0.0504671   0.0426353
-0.0436813   0.0678582
-0.0347121   0.0896919
-0.0240077    0.107044
-0.012103    0.119047
0.000406894    0.125098
0.0128964    0.124895
0.0247411    0.118447
0.0353489    0.106078
0.0441896    0.088407
0.0508215   0.0663194
0.0549135   0.0409196
0.0562611   0.0134766
0.0547972  -0.0146391
0.0505948   -0.042024
0.0438637  -0.0673106
0.0349402  -0.0892354
0.02427   -0.106702
0.0123864   -0.118836
-0.000116461   -0.125029
-0.0126135   -0.124971
-0.0244799   -0.118664
-0.0351225   -0.106425
-0.0440092  -0.0888677
-0.0506962  -0.0668702
-0.0548495  -0.0415329
-0.0562617  -0.0141219
-0.0548623   0.0139941
-0.0507211   0.0414115
-0.044045   0.0667612
-0.0351674   0.0887766
-0.0245317    0.106357
-0.0126696    0.118621
-0.000173975    0.124956
0.0123303    0.125043
0.0242181    0.118878
0.0348951     0.10677
0.0438277    0.089326
0.0505696   0.0674192
0.0547841   0.0421451
0.0562608   0.0147668
0.0549259  -0.0133488
0.0508461   -0.040798
0.0442251  -0.0662101
0.0353936  -0.0883154
0.0247927   -0.106009
0.0129524   -0.118404
0.000464406    -0.12488
-0.0120468   -0.125112
-0.0239556   -0.119089
-0.0346668   -0.107112
-0.043645   -0.089782
-0.0504417  -0.0679664
-0.0547173  -0.0427563
-0.0562584  -0.0154113
-0.0549881   0.0127031
-0.0509698   0.0401833
-0.0444041   0.0656572
-0.0356189   0.0878519
-0.0250531    0.105658
-0.0132348    0.118183
-0.000754825      0.1248
0.0117629    0.125177
0.0236925    0.119296
0.0344376    0.107451
0.0434612   0.0902356
0.0503124   0.0685118
0.054649   0.0433662
0.0562545   0.0160553
0.0550488  -0.0120571
0.0510921  -0.0395676
0.0445818  -0.0651025
0.0358432   -0.087386
0.0253128   -0.105304
0.0135169   -0.117959
0.00104522   -0.124717
-0.0114787    -0.12524
-0.0234288     -0.1195
-0.0342075   -0.107787
-0.0432762  -0.0906867
-0.0501817  -0.0690554
-0.0545792  -0.0439751
-0.0562491   -0.016699
-0.0551081   0.0114107
-0.051213   0.0389508
-0.0447584   0.0645461
-0.0360666   0.0869178
-0.0255719    0.104947
-0.0137987    0.117732
-0.00133559    0.124631
0.0111943    0.125299
0.0231644    0.119702
0.0339765     0.10812
0.04309   0.0911355
0.0500497   0.0695971
0.054508   0.0445827
0.0562422   0.0173422
0.0551658  -0.0107641
0.0513325   -0.038333
0.0449337   -0.063988
0.036289  -0.0864473
0.0258302   -0.104588
0.0140801   -0.117501
0.00162593   -0.124541
-0.0109095   -0.125354
-0.0228995     -0.1199
-0.0337445   -0.108451
-0.0429027  -0.0915818
-0.0499164   -0.070137
-0.0544354  -0.0451892
-0.0562338  -0.0179849
-0.0552221   0.0101172
-0.0514507   0.0377142
-0.0451079   0.0634282
-0.0365104   0.0859745
-0.0260879    0.104226
-0.0143611    0.117268
-0.00191622    0.124448
0.0106244    0.125407
0.0226339    0.120094
0.0335117    0.108778
0.0427143   0.0920257
0.0497818   0.0706751
0.0543612   0.0457944
0.056224   0.0186272
0.055277 -0.00946995
0.0515675  -0.0370944
0.0452809  -0.0628667
0.0367309  -0.0854994
0.0263448   -0.103861
0.0146417   -0.117032
0.00220646   -0.124352
-0.0103391   -0.125455
-0.0223677   -0.120286
-0.033278   -0.109103
-0.0425247  -0.0924672
-0.0496458  -0.0712112
-0.0542857  -0.0463985
-0.0562126   -0.019269
-0.0553303   0.0088225
-0.051683   0.0364735
-0.0454526   0.0623035
-0.0369504    0.085022
-0.0266011    0.103493
-0.0149219    0.116792
-0.00249664    0.124253
0.0100535    0.125501
0.0221009    0.120474
0.0330434    0.109425
0.042334   0.0929061
0.0495085   0.0717455
0.0542087   0.0470013
0.0561997   0.0199102
0.0553822 -0.00817481
0.051797  -0.0358518
0.0456232  -0.0617387
0.0371689  -0.0845424
0.0268567   -0.103123
0.0152017   -0.116549
0.00278676    -0.12415
-0.00976756   -0.125543
-0.0218335    -0.12066
-0.0328079   -0.109744
-0.0421421  -0.0933426
-0.0493699  -0.0722778
-0.0541302  -0.0476029
-0.0561853   -0.020551
-0.0554326   0.0075269
-0.0519097    0.035229
-0.0457925   0.0611722
-0.0373864   0.0840605
-0.0271115    0.102749
-0.0154812    0.116303
-0.0030768    0.124044
0.00948141    0.125582
0.0215656    0.120841
0.0325715     0.11006
0.0419492   0.0937766
0.04923   0.0728082
0.0540503   0.0482032
0.0561694   0.0211912
0.0554815 -0.00687879
0.052021  -0.0346053
0.0459606  -0.0606041
0.037603  -0.0835763
0.0273656   -0.102373
0.0157602   -0.116054
0.00336676   -0.123934
-0.009195   -0.125618
-0.021297    -0.12102
-0.0323343   -0.110372
-0.0417551  -0.0942082
-0.0490888  -0.0733367
-0.053969  -0.0488022
-0.056152  -0.0218308
-0.055529  0.00623049
-0.0521309   0.0339807
-0.0461275   0.0600344
-0.0378185     0.08309
-0.027619    0.101995
-0.0160388    0.115802
-0.00365663    0.123821
0.00890835     0.12565
0.0210279    0.121196
0.0320962    0.110683
0.0415599   0.0946372
0.0489462   0.0738632
0.0538862   0.0493999
0.0561332   0.0224698
0.055575 -0.00558203
0.0522395  -0.0333552
0.0462931  -0.0594631
0.038033  -0.0826014
0.0278717   -0.101613
0.0163169   -0.115547
0.0039464   -0.123705
-0.00862146   -0.125679
-0.0207583   -0.121368
-0.0318572    -0.11099
-0.0413636  -0.0950637
-0.0488024  -0.0743878
-0.053802  -0.0499963
-0.0561128  -0.0231083
-0.0556195  0.00493343
-0.0523466   0.0327288
-0.0464576   0.0588902
-0.0382465   0.0821106
-0.0281236    0.101229
-0.0165947    0.115289
-0.00423607    0.123586
0.00833434    0.125704
0.020488    0.121537
0.0316174    0.111294
0.0411662   0.0954876
0.0486572   0.0749103
0.0537163   0.0505913
0.0560909   0.0237461
0.0556625 -0.00428469
0.0524523  -0.0321016
0.0466208  -0.0583157
0.038459  -0.0816176
0.0283748   -0.100842
0.016872   -0.115028
0.00452562   -0.123463
-0.008047   -0.125726
-0.0202173   -0.121703
-0.0313768   -0.111595
-0.0409677   -0.095909
-0.0485108  -0.0754309
-0.0536293  -0.0511851
-0.0560676  -0.0243833
-0.055704  0.00363584
-0.0525567   0.0314734
-0.0467827   0.0577397
-0.0386704   0.0811225
-0.0286252    0.100453
-0.0171488    0.114764
-0.00481506    0.123338
0.00775945    0.125745
0.019946    0.121865
0.0311353    0.111893
0.0407681   0.0963279
0.048363   0.0759495
0.0535408   0.0517774
0.0560427   0.0250198
0.0557441 -0.00298689
0.0526596  -0.0308445
0.0469434  -0.0571621
0.0388809  -0.0806252
0.0288748   -0.100061
0.0174252   -0.114496
0.00510436   -0.123208
-0.00747168    -0.12576
-0.0196741   -0.122025
-0.030893   -0.112188
-0.0405674  -0.0967442
-0.048214   -0.076466
-0.0534508  -0.0523684
-0.0560164  -0.0256557
-0.0557826  0.00233786
-0.0527611   0.0302147
-0.0471028    0.056583
-0.0390903   0.0801257
-0.0291237   0.0996659
-0.0177011    0.114226
-0.00539353    0.123076
0.00718372    0.125773
0.0194018    0.122181
0.0306498     0.11248
0.0403656   0.0971579
0.0480637   0.0769806
0.0533595    0.052958
0.0559886   0.0262909
0.0558197 -0.00168877
0.0528613  -0.0295841
0.047261  -0.0560024
0.0392986  -0.0796242
0.0293718  -0.0992684
0.0179766   -0.113952
0.00568255    -0.12294
-0.00689557   -0.125781
-0.0191289   -0.122333
-0.0304059    -0.11277
-0.0401628   -0.097569
-0.0479121   -0.077493
-0.0532667  -0.0535461
-0.0559592  -0.0269254
-0.0558553  0.00103963
-0.05296   0.0289527
-0.047418   0.0554204
-0.0395059   0.0791205
-0.0296191   0.0988683
-0.0182515    0.113676
-0.00597143    0.122801
0.00660723    0.125787
0.0188555    0.122483
0.0301611    0.113056
0.0399589   0.0979775
0.0477592   0.0780034
0.0531725   0.0541329
0.0559284   0.0275592
0.0558894-0.000390466
0.0530573  -0.0283206
0.0475736  -0.0548368
0.0397122  -0.0786147
0.0298656  -0.0984655
0.018526   -0.113396
0.00626014   -0.122659
-0.00631872   -0.125789
-0.0185817   -0.122629
-0.0299156   -0.113339
-0.0397539  -0.0983835
-0.0476051  -0.0785117
-0.0530769  -0.0547182
-0.0558961  -0.0281922
-0.055922-0.000258708
-0.0531532   0.0276877
-0.047728   0.0542518
-0.0399174   0.0781068
-0.0301113   0.0980601
-0.0188    0.113114
-0.00654869    0.122513
0.00603004    0.125787
0.0183073    0.122772
0.0296692    0.113619
0.0395479   0.0987868
0.0474497    0.079018
0.0529799   0.0553021
0.0558623   0.0288245
0.0559531 0.000907875
0.0532477  -0.0270541
0.0478812  -0.0536654
0.0401215  -0.0775968
0.0303563  -0.0976521
0.0190735   -0.112828
0.00683706   -0.122364
-0.0057412   -0.125783
-0.0180324   -0.122912
-0.029422   -0.113896
-0.0393408  -0.0991874
-0.047293  -0.0795221
-0.0528814  -0.0558844
-0.055827   -0.029456
-0.0559827 -0.00155702
-0.0533408   0.0264197
-0.048033   0.0530775
-0.0403245   0.0770847
-0.0306004   0.0972415
-0.0193465    0.112539
-0.00712525    0.122212
0.0054522    0.125775
0.0177571    0.123048
0.0291741     0.11417
0.0391326   0.0995854
0.047135   0.0800241
0.0527816   0.0564653
0.0557903   0.0300868
0.0560109  0.00220612
0.0534324  -0.0257847
0.0481836  -0.0524882
0.0405265  -0.0765706
0.0308437  -0.0968284
0.0196189   -0.112248
0.00741325   -0.122057
-0.00516306   -0.125763
-0.0174812   -0.123182
-0.0289254   -0.114441
-0.0389235  -0.0999808
-0.0469759   -0.080524
-0.0526803  -0.0570447
-0.055752  -0.0307167
-0.0560375 -0.00285516
-0.0535226   0.0251489
-0.0483329   0.0518975
-0.0407274   0.0760545
-0.0310862   0.0964126
-0.0198909    0.111953
-0.00770106    0.121898
0.00487378    0.125748
0.0172049    0.123312
0.0286759    0.114709
0.0387132    0.100374
0.0468154   0.0810217
0.0525777   0.0576226
0.0557123   0.0313459
0.0560627  0.00350413
0.0536114  -0.0245125
0.0484809  -0.0513054
0.0409272  -0.0755363
0.0313278  -0.0959942
0.0201623   -0.111656
0.00798866   -0.121736
-0.00458438    -0.12573
-0.0169282   -0.123438
-0.0284256   -0.114974
-0.038502   -0.100764
-0.0466537  -0.0815173
-0.0524736  -0.0581989
-0.055671  -0.0319741
-0.0560863   -0.004153
-0.0536988   0.0238755
-0.0486276    0.050712
-0.041126   0.0750162
-0.0315686   0.0955734
-0.0204331    0.111355
-0.00827604    0.121571
0.00429485    0.125709
0.016651    0.123561
0.0281746    0.115236
0.0382897    0.101151
0.0464908   0.0820107
0.0523682   0.0587737
0.0556283   0.0326016
0.0561085  0.00480177
0.0537847  -0.0232378
0.048773  -0.0501172
0.0413236   -0.074494
0.0318086  -0.0951499
0.0207035   -0.111052
0.00856321   -0.121403
-0.0040052   -0.125684
-0.0163734   -0.123681
-0.0279229   -0.115495
-0.0380764   -0.101536
-0.0463266  -0.0825019
-0.0522613  -0.0593469
-0.0555841  -0.0332282
-0.0561292  -0.0054504
-0.0538692   0.0225994
-0.0489171    0.049521
-0.0415201   0.0739698
-0.0320477   0.0947239
-0.0209732    0.110745
-0.00885014    0.121231
0.00371545    0.125656
0.0160953    0.123798
0.0276704    0.115751
0.0378621    0.101918
0.0461612    0.082991
0.0521531   0.0599186
0.0555385   0.0338538
0.0561483  0.00609889
0.0539523  -0.0219605
0.0490599  -0.0489236
0.0417156  -0.0734437
0.032286  -0.0942954
0.0212424   -0.110436
0.00913684   -0.121056
-0.0034256   -0.125624
-0.0158168   -0.123912
-0.0274171   -0.116004
-0.0376468   -0.102297
-0.0459946  -0.0834778
-0.0520434  -0.0604886
-0.0554913  -0.0344786
-0.056166 -0.00674722
-0.0540339    0.021321
-0.0492014   0.0483248
-0.0419099   0.0729156
-0.0325234   0.0938644
-0.0215111    0.110123
-0.0094233    0.120878
0.00313566     0.12559
0.0155378    0.124022
0.0271631    0.116253
0.0374305    0.102673
0.0458267   0.0839624
0.0519324    0.061057
0.0554427   0.0351025
0.0561822  0.00739537
0.0541141   -0.020681
0.0493416  -0.0477248
0.0421031  -0.0723856
0.03276  -0.0934309
0.0217792   -0.109808
0.0097095   -0.120697
-0.00284563   -0.125551
-0.0152585   -0.124129
-0.0269085     -0.1165
-0.0372132   -0.103047
-0.0456576  -0.0844447
-0.05182  -0.0616238
-0.0553926  -0.0357254
-0.0561969 -0.00804332
-0.0541929   0.0200403
-0.0494805   0.0471235
-0.0422951   0.0718537
-0.0329956   0.0929949
-0.0220467     0.10949
-0.00999545    0.120512
0.00255553     0.12551
0.0149787    0.124232
0.026653    0.116743
0.0369948    0.103418
0.0454873   0.0849248
0.0517062    0.062189
0.055341   0.0363474
0.0562101  0.00869106
0.0542702  -0.0193992
0.0496181  -0.0465209
0.0424861  -0.0713198
0.0332304  -0.0925564
0.0223136   -0.109169
0.0102811   -0.120324
-0.00226536   -0.125465
-0.0146986   -0.124332
-0.0263969   -0.116983
-0.0367755   -0.103786
-0.0453158  -0.0854027
-0.0515911  -0.0627525
-0.0552879  -0.0369684
-0.0562218 -0.00933857
-0.054346   0.0187575
-0.0497543   0.0459171
-0.0426759    0.070784
-0.0334643   0.0921155
-0.0225799    0.108845
-0.0105665    0.120134
0.00197513    0.125417
0.014418    0.124429
0.0261401     0.11722
0.0365553    0.104152
0.0451431   0.0858783
0.0514745   0.0633144
0.0552334   0.0375885
0.056232  0.00998582
0.0544204  -0.0181153
0.0498892  -0.0453121
0.0428646  -0.0702464
0.0336974  -0.0916721
0.0228456   -0.108518
0.0108517   -0.119939
-0.00168485   -0.125365
-0.0141371   -0.124523
-0.0258826   -0.117454
-0.036334   -0.104515
-0.0449692  -0.0863515
-0.0513566  -0.0638745
-0.0551774  -0.0382075
-0.0562407  -0.0106328
-0.0544934   0.0174727
-0.0500228   0.0447059
-0.0430521   0.0697069
-0.0339295   0.0912263
-0.0231107    0.108188
-0.0111365    0.119742
0.00139452     0.12531
0.0138558    0.124613
0.0256243    0.117685
0.0361118    0.104874
0.044794   0.0868225
0.0512373    0.064433
0.0551199   0.0388255
0.0562479   0.0112795
0.0545649  -0.0168296
0.050155  -0.0440985
0.0432385  -0.0691655
0.0341607   -0.090778
0.0233752   -0.107855
0.011421   -0.119542
-0.00110416   -0.125252
-0.0135741     -0.1247
-0.0253654   -0.117913
-0.0358886   -0.105232
-0.0446177  -0.0872912
-0.0511167  -0.0649897
-0.055061  -0.0394425
-0.0562536  -0.0119259
-0.0546349    0.016186
-0.050286   0.0434899
-0.0434237   0.0686223
-0.034391   0.0903273
-0.0236391    0.107519
-0.0117053    0.119338
0.000813767     0.12519
0.0132921    0.124783
0.0251059    0.118138
0.0356645    0.105586
0.0444402   0.0877575
0.0509947   0.0655447
0.0550005   0.0400584
0.0562577    0.012572
0.0547035   -0.015542
0.0504155  -0.0428801
0.0436078  -0.0680772
0.0346204  -0.0898742
0.0239023   -0.107181
0.0119892   -0.119131
-0.000523351   -0.125125
-0.0130097   -0.124864
-0.0248456   -0.118359
-0.0354394   -0.105938
-0.0442615  -0.0882215
-0.0508713   -0.066098
-0.0549387  -0.0406733
-0.0562605  -0.0132178
-0.0547707   0.0148976
-0.0505438   0.0422693
-0.0437907   0.0675304
-0.0348489   0.0894188
-0.0241649     0.10684
-0.0122728    0.118921
0.000232922    0.125057
0.012727    0.124941
0.0245847    0.118577
0.0352134    0.106286
0.0440817   0.0886832
0.0507466   0.0666495
0.0548753   0.0412871
0.0562617   0.0138632
0.0548364  -0.0142528
0.0506706  -0.0416572
0.0439725  -0.0669817
0.0350764  -0.0889609
0.0244268   -0.106495
0.0125561   -0.118708
5.75136e-05   -0.124986
-0.0124439   -0.125014
-0.0243232   -0.118793
-0.0349864   -0.106632
-0.0439006  -0.0891425
-0.0506206  -0.0671992
-0.0548105  -0.0418998
-0.0562614  -0.0145082
-0.0549006   0.0136076
-0.0507962   0.0410441
-0.0441531   0.0664313
-0.035303   0.0885007
-0.0246881    0.106148
-0.012839    0.118491
-0.000347948    0.124911
0.0121605    0.125085
0.024061    0.119004
0.0347585    0.106975
0.0437184   0.0895994
0.0504931   0.0677472
0.0547443   0.0425113
0.0562596   0.0151529
0.0549634  -0.0129621
0.0509204  -0.0404299
0.0443325  -0.0658791
0.0355286  -0.0880381
0.0249488   -0.105799
0.0131216   -0.118272
0.000638372   -0.124832
-0.0118768   -0.125152
-0.0237981   -0.119213
-0.0345296   -0.107315
-0.043535   -0.090054
-0.0503644  -0.0682933
-0.0546766  -0.0431218
-0.0562563  -0.0157971
-0.0550246   0.0123162
-0.0510432   0.0398146
-0.0445107   0.0653251
-0.0357534   0.0875731
-0.0252088    0.105446
-0.0134039    0.118049
-0.00092878    0.124751
0.0115927    0.125215
0.0235346    0.119419
0.0342999    0.107653
0.0433505   0.0905061
0.0502343   0.0688376
0.0546074   0.0437311
0.0562515   0.0164409
0.0550845    -0.01167
0.0511646  -0.0391983
0.0446877  -0.0647694
0.0359771  -0.0871059
0.0254681   -0.105091
0.0136857   -0.117823
0.00121916   -0.124666
-0.0113084   -0.125275
-0.0232705   -0.119621
-0.0340692   -0.107987
-0.0431648  -0.0909558
-0.0501028  -0.0693801
-0.0545367  -0.0443392
-0.0562452  -0.0170843
-0.0551428   0.0110234
-0.0512847   0.0385809
-0.0448635    0.064212
-0.0361999   0.0866363
-0.0257267    0.104732
-0.0139673    0.117594
-0.00150951    0.124578
0.0110237    0.125332
0.0230058    0.119821
0.0338377    0.108319
0.042978   0.0914031
0.04997   0.0699208
0.0544647   0.0449461
0.0562374   0.0177273
0.0551997  -0.0103766
0.0514035  -0.0379625
0.0450382  -0.0636529
0.0364218  -0.0861644
0.0259846   -0.104371
0.0142484   -0.117362
0.00179982   -0.124486
-0.0107388   -0.125386
-0.0227404   -0.120017
-0.0336052   -0.108647
-0.04279   -0.091848
-0.0498359  -0.0704595
-0.0543911  -0.0455519
-0.0562281  -0.0183697
-0.0552552  0.00972951
-0.0515208    0.037343
-0.0452116   0.0630921
-0.0366426   0.0856902
-0.0262419    0.104007
-0.0145292    0.117127
-0.00209009    0.124391
0.0104535    0.125436
0.0224745     0.12021
0.0333718    0.108973
0.0426009   0.0922904
0.0497005   0.0709964
0.0543161   0.0461564
0.0562173   0.0190117
0.0553091 -0.00908215
0.0516368  -0.0367226
0.0453839  -0.0625295
0.0368625  -0.0852137
0.0264984   -0.103641
0.0148096   -0.116888
0.00238029   -0.124293
-0.010168   -0.125483
-0.0222079   -0.120399
-0.0331376   -0.109296
-0.0424106  -0.0927304
-0.0495637  -0.0715315
-0.0542397  -0.0467597
-0.056205  -0.0196532
-0.0553616  0.00843455
-0.0517515   0.0361012
-0.0455549   0.0619654
-0.0370814    0.084735
-0.0267543    0.103271
-0.0150896    0.116647
-0.00267044    0.124191
0.00988223    0.125527
0.0219408    0.120586
0.0329024    0.109616
0.0422192   0.0931679
0.0494257   0.0720646
0.0541618   0.0473618
0.0561912   0.0202941
0.0554126 -0.00778672
0.0518647  -0.0354788
0.0457247  -0.0613996
0.0372993   -0.084254
0.0270094   -0.102899
0.0153692   -0.116402
0.00296051   -0.124087
-0.00959618   -0.125567
-0.0216731   -0.120769
-0.0326664   -0.109933
-0.0420267  -0.0936029
-0.0492863  -0.0725958
-0.0540825  -0.0479626
-0.056176  -0.0209345
-0.0554621  0.00713869
-0.0519765   0.0348555
-0.0458933   0.0608321
-0.0375163   0.0837707
-0.0272638    0.102524
-0.0156484    0.116155
-0.0032505    0.123979
0.00930988    0.125604
0.0214048    0.120949
0.0324295    0.110247
0.041833   0.0940354
0.0491455    0.073125
0.0540018   0.0485621
0.0561592   0.0215744
0.0555101 -0.00649047
0.052087  -0.0342313
0.0460607   -0.060263
0.0377322  -0.0832852
0.0275175   -0.102147
0.0159271   -0.115904
0.00354041   -0.123867
-0.00902332   -0.125637
-0.0211359   -0.121126
-0.0321917   -0.110559
-0.0416383  -0.0944654
-0.0490035  -0.0736523
-0.0539196  -0.0491604
-0.0561409  -0.0222136
-0.0555567  0.00584208
-0.0521961   0.0336061
-0.0462269   0.0596923
-0.0379471   0.0827976
-0.0277705    0.101767
-0.0162055     0.11565
-0.00383022    0.123752
0.00873653    0.125667
0.0208665    0.121299
0.0319531    0.110867
0.0414424   0.0948929
0.0488602   0.0741777
0.0538359   0.0497573
0.0561212   0.0228523
0.0556018 -0.00519353
0.0523038  -0.0329801
0.0463918  -0.0591201
0.038161  -0.0823077
0.0280227   -0.101384
0.0164834   -0.115393
0.00411993   -0.123634
-0.0084495   -0.125694
-0.0205965    -0.12147
-0.0317137   -0.111172
-0.0412455  -0.0953179
-0.0487156   -0.074701
-0.0537509  -0.0503529
-0.0560999  -0.0234904
-0.0556454  0.00454484
-0.0524101   0.0323532
-0.0465555   0.0585462
-0.0383739   0.0818156
-0.0282741    0.100998
-0.0167608    0.115133
-0.00440953    0.123513
0.00816225    0.125718
0.0203259    0.121637
0.0314734    0.111474
0.0410474   0.0957404
0.0485696   0.0752224
0.0536644   0.0509471
0.0560771   0.0241278
0.0556875 -0.00389603
0.052515  -0.0317254
0.0467179  -0.0579708
0.0385858  -0.0813213
0.0285248   -0.100609
0.0170379    -0.11487
0.00469901   -0.123388
-0.00787478   -0.125738
-0.0200548   -0.121801
-0.0312322   -0.111774
-0.0408482  -0.0961602
-0.0484224  -0.0757418
-0.0535764    -0.05154
-0.0560529  -0.0247647
-0.0557282  0.00324712
-0.0526185   0.0310968
-0.0468791   0.0573939
-0.0387966   0.0808249
-0.0287748    0.100218
-0.0173144    0.114604
-0.00498837     0.12326
0.0075871    0.125755
0.0197832    0.121961
0.0309902     0.11207
0.040648   0.0965776
0.0482739   0.0762592
0.0534871   0.0521316
0.0560271   0.0254008
0.0557673 -0.00259812
0.0527206  -0.0304673
0.0470391  -0.0568154
0.0390064  -0.0803263
0.029024  -0.0998245
0.0175905   -0.114334
0.00527759   -0.123129
-0.00729922   -0.125768
-0.0195111   -0.122119
-0.0307474   -0.112364
-0.0404467  -0.0969923
-0.0481241  -0.0767745
-0.0533963  -0.0527217
-0.0559999  -0.0260363
-0.055805  0.00194905
-0.0528213   0.0298371
-0.0471978   0.0562354
-0.0392152   0.0798256
-0.0292724   0.0994281
-0.0178662    0.114062
-0.00556668    0.122995
0.00701114    0.125778
0.0192384    0.122273
0.0305038    0.112654
0.0402442   0.0974045
0.047973   0.0772878
0.0533041   0.0533105
0.0559712    0.026671
0.0558412 -0.00129993
0.0529206   -0.029206
0.0473552   -0.055654
0.0394229  -0.0793227
0.02952  -0.0990291
0.0181413   -0.113787
0.00585561   -0.122857
-0.00672287   -0.125785
-0.0189652   -0.122423
-0.0302594   -0.112941
-0.0400408   -0.097814
-0.0478207   -0.077799
-0.0532104  -0.0538978
-0.055941  -0.0273051
-0.0558759 0.000650775
-0.0530185   0.0285742
-0.0475114    0.055071
-0.0396296   0.0788177
-0.0297669   0.0986273
-0.018416    0.113509
-0.00614439    0.122716
0.00643443    0.125788
0.0186915    0.122571
0.0300141    0.113226
0.0398362    0.098221
0.047667   0.0783082
0.0531154   0.0544837
0.0559092   0.0279385
0.0559091 -1.6027e-06
0.0531149  -0.0279416
0.0476663  -0.0544866
0.0398352  -0.0783107
0.0300129   -0.098223
0.0186902   -0.113227
0.00643301   -0.122572
-0.00614582   -0.125788
-0.0184174   -0.122715
-0.0297681   -0.113507
-0.0396306  -0.0986254
-0.0475121  -0.0788152
-0.0530189  -0.0550681
-0.055876  -0.0285711
-0.0559408-0.000647569
-0.05321   0.0273082
-0.0478199   0.0539007
-0.0400398   0.0778015
-0.0302582   0.0978161
-0.0189639    0.112943
-0.00672145    0.122424
0.00585704    0.125785
0.0181427    0.122856
0.0295212    0.113786
0.0394239   0.0990271
0.047356   0.0793202
0.0529211   0.0556511
0.0558414   0.0292029
0.055971  0.00129672
0.0533036  -0.0266742
0.0479723  -0.0533134
0.0402432  -0.0772903
0.0305026  -0.0974065
0.0192371   -0.112655
0.00700972   -0.122273
-0.0055681   -0.125778
-0.0178675   -0.122994
-0.0292736   -0.114061
-0.0392162  -0.0994262
-0.0471985  -0.0798231
-0.0528218  -0.0562326
-0.0558052   -0.029834
-0.0559998 -0.00194584
-0.0533958   0.0260394
-0.0481234   0.0527246
-0.0404457    0.076777
-0.0307462   0.0969943
-0.0195097    0.112365
-0.00729779    0.122119
0.00527902    0.125768
0.0175919    0.123129
0.0290252    0.114333
0.0390075   0.0998226
0.0470398   0.0803238
0.0527211   0.0568126
0.0557675   0.0304642
0.056027  0.00259491
0.0534866  -0.0254039
0.0482732  -0.0521345
0.040647  -0.0762617
0.030989  -0.0965796
0.0197819   -0.112072
0.00758568   -0.121962
-0.0049898   -0.125755
-0.0173158    -0.12326
-0.028776   -0.114602
-0.0387977   -0.100216
-0.0468799  -0.0808224
-0.052619   -0.057391
-0.0557284  -0.0310937
-0.0560528 -0.00324391
-0.053576   0.0247678
-0.0484217    0.051543
-0.0408473   0.0757444
-0.031231   0.0961623
-0.0200535    0.111775
-0.00787336    0.121801
0.00470044    0.125738
0.0170392    0.123388
0.0285261    0.114869
0.0385868    0.100607
0.0467187   0.0813189
0.0525155    0.057968
0.0556877   0.0317223
0.056077  0.00389283
0.0536639   -0.024131
0.0485689  -0.0509501
0.0410464   -0.075225
0.0314722  -0.0957424
0.0203246   -0.111476
0.00816083   -0.121638
-0.00441096   -0.125718
-0.0167622   -0.123512
-0.0282754   -0.115132
-0.038375   -0.100996
-0.0465563  -0.0818131
-0.0524106  -0.0585434
-0.0556456  -0.0323501
-0.0560998 -0.00454164
-0.0537504   0.0234935
-0.0487148   0.0503558
-0.0412445   0.0747036
-0.0317125     0.09532
-0.0205951    0.111174
-0.00844808     0.12147
0.00412136    0.125694
0.0164847    0.123634
0.0280239    0.115392
0.0381621    0.101382
0.0463926   0.0823052
0.0523043   0.0591173
0.055602    0.032977
0.0561211  0.00519032
0.0538355  -0.0228555
0.0488595  -0.0497602
0.0414415  -0.0741803
0.031952  -0.0948951
0.0208651   -0.110868
0.00873511     -0.1213
-0.00383165   -0.125668
-0.0162068   -0.123752
-0.0277717   -0.115649
-0.0379482   -0.101765
-0.0462277  -0.0827951
-0.0521966  -0.0596895
-0.0555569  -0.0336031
-0.0561408 -0.00583887
-0.0539192   0.0222168
-0.0490028   0.0491633
-0.0416373   0.0736549
-0.0321906   0.0944676
-0.0211346     0.11056
-0.00902191    0.121127
0.00354184    0.125637
0.0159285    0.123867
0.0275188    0.115903
0.0377333    0.102145
0.0460615   0.0832828
0.0520876   0.0602602
0.0555104   0.0342282
0.0561591  0.00648727
0.0540014  -0.0215775
0.0491448  -0.0485651
0.0418321  -0.0731276
0.0324283  -0.0940376
0.0214034   -0.110249
0.00930846    -0.12095
-0.00325193   -0.125604
-0.0156497   -0.123978
-0.0272651   -0.116153
-0.0375173   -0.102523
-0.0458942  -0.0837683
-0.0519771  -0.0608293
-0.0554623  -0.0348524
-0.0561759 -0.00713549
-0.0540821   0.0209377
-0.0492856   0.0479656
-0.0420257   0.0725984
-0.0326652   0.0936051
-0.0216717    0.109935
-0.00959477     0.12077
0.00296194    0.125567
0.0153706    0.124086
0.0270107    0.116401
0.0373004    0.102897
0.0457256   0.0842516
0.0518652   0.0613968
0.0554128   0.0354758
0.0561912  0.00778353
0.0541614  -0.0202973
0.049425  -0.0473648
0.0422183  -0.0720672
0.0329012  -0.0931701
0.0219395   -0.109618
0.00988082   -0.120587
-0.00267187   -0.125527
-0.015091   -0.124191
-0.0267555   -0.116646
-0.0370825    -0.10327
-0.0455558  -0.0847326
-0.051752  -0.0619626
-0.0553618  -0.0360981
-0.056205 -0.00843135
-0.0542393   0.0196563
-0.0495631   0.0467627
-0.0424097   0.0715341
-0.0331364   0.0927326
-0.0222066    0.109298
-0.0101666      0.1204
0.00238173    0.125483
0.014811    0.124292
0.0264997    0.116887
0.0368636    0.103639
0.0453847   0.0852113
0.0516374   0.0625268
0.0553094   0.0367195
0.0562173  0.00907895
0.0543158  -0.0190149
0.0496998  -0.0461594
0.0425999  -0.0709991
0.0333707  -0.0922926
0.0224732   -0.108975
0.0104521    -0.12021
-0.00209152   -0.125436
-0.0145306   -0.124391
-0.0262432   -0.117126
-0.0366437   -0.104006
-0.0452125  -0.0856878
-0.0515214  -0.0630893
-0.0552554    -0.03734
-0.0562281 -0.00972631
-0.0543908   0.0183729
-0.0498353   0.0455549
-0.0427891   0.0704622
-0.033604   0.0918502
-0.0227391    0.108649
-0.0107374    0.120018
0.00180126    0.125386
0.0142498    0.124486
0.0259859    0.117361
0.0364229    0.104369
0.0450391    0.086162
0.0514041   0.0636501
0.0552   0.0379594
0.0562373   0.0103734
0.0544643  -0.0177304
0.0499694  -0.0449491
0.042977  -0.0699234
0.0338365  -0.0914053
0.0230045    -0.10832
0.0110223   -0.119822
-0.00151095   -0.125333
-0.0139687   -0.124577
-0.025728   -0.117593
-0.036201    -0.10473
-0.0448644  -0.0866339
-0.0512853  -0.0642093
-0.0551431  -0.0385778
-0.0562451  -0.0110202
-0.0545364   0.0170875
-0.0501022   0.0443422
-0.0431639   0.0693828
-0.0340681    0.090958
-0.0232692    0.107989
-0.011307    0.119622
0.0012206    0.125276
0.0136871    0.124665
0.0254693    0.117822
0.0359782    0.105089
0.0446886   0.0871035
0.0511652   0.0647667
0.0550848   0.0391952
0.0562514   0.0116668
0.054607  -0.0164441
0.0502336  -0.0437341
0.0433496  -0.0688403
0.0342988  -0.0905083
0.0235333   -0.107654
0.0115913    -0.11942
-0.000930214   -0.125215
-0.0134052    -0.12475
-0.02521   -0.118048
-0.0357545   -0.105444
-0.0445115  -0.0875708
-0.0510438  -0.0653224
-0.0550249  -0.0398116
-0.0562562   -0.012313
-0.0546762   0.0158003
-0.0503637   0.0431248
-0.0435341    0.068296
-0.0345285   0.0900562
-0.0237968    0.107317
-0.0118754    0.119214
0.000639806    0.125152
0.013123    0.124832
0.0249501    0.118271
0.0355298    0.105797
0.0443333   0.0880358
0.050921   0.0658764
0.0549637   0.0404269
0.0562595   0.0129589
0.0547439  -0.0151561
0.0504925  -0.0425144
0.0437175  -0.0677499
0.0347574  -0.0896017
0.0240597   -0.106977
0.0121591   -0.119006
-0.000349382   -0.125085
-0.0128404    -0.12491
-0.0246894    -0.11849
-0.0353041   -0.106147
-0.0441539  -0.0884984
-0.0507968  -0.0664286
-0.0549009  -0.0410411
-0.0562614  -0.0136044
-0.0548102   0.0145114
-0.0506199   0.0419028
-0.0438997    0.067202
-0.0349853   0.0891448
-0.0243219    0.106634
-0.0124425    0.118794
5.89477e-05    0.125015
0.0125575    0.124985
0.0244281    0.118707
0.0350775    0.106494
0.0439734   0.0889586
0.0506713    0.066979
0.0548367   0.0416542
0.0562617   0.0142496
0.054875  -0.0138664
0.050746  -0.0412901
0.0440808  -0.0666522
0.0352122  -0.0886855
0.0245834   -0.106288
0.0127256   -0.118578
0.000231488   -0.124941
-0.0122742   -0.125057
-0.0241662    -0.11892
-0.03485   -0.106838
-0.0437916  -0.0894165
-0.0505444  -0.0675277
-0.054771  -0.0422662
-0.0562605  -0.0148944
-0.0549384    0.013221
-0.0508707   0.0406763
-0.0442607   0.0661007
-0.0354383   0.0882238
-0.0248443    0.105939
-0.0130083     0.11836
-0.000521917    0.124864
0.0119906    0.125125
0.0239036     0.11913
0.0346215    0.107179
0.0436087    0.089872
0.0504162   0.0680745
0.0547039   0.0428771
0.0562578   0.0155388
0.0550002  -0.0125752
0.0509941  -0.0400615
0.0444394  -0.0655475
0.0356634  -0.0877598
0.0251046   -0.105588
0.0132907   -0.118139
0.000812333   -0.124784
-0.0117067    -0.12519
-0.0236404   -0.119337
-0.0343921   -0.107518
-0.0434246  -0.0903251
-0.0502866  -0.0686196
-0.0546353  -0.0434869
-0.0562536  -0.0161828
-0.0550607   0.0119291
-0.0511161   0.0394455
-0.0446169   0.0649925
-0.0358875   0.0872935
-0.0253642    0.105233
-0.0135728    0.117914
-0.00110273      0.1247
0.0114224    0.125252
0.0233765    0.119541
0.0341618    0.107853
0.0432394   0.0907758
0.0501557   0.0691628
0.0545652   0.0440955
0.0562479   0.0168264
0.0551196  -0.0112827
0.0512368  -0.0388286
0.0447932  -0.0644357
0.0361107  -0.0868248
0.0256231   -0.104876
0.0138544   -0.117686
0.00139309   -0.124613
-0.0111379    -0.12531
-0.023112   -0.119741
-0.0339306   -0.108186
-0.043053  -0.0912241
-0.0500235  -0.0697042
-0.0544937  -0.0447029
-0.0562407  -0.0174695
-0.0551771    0.010636
-0.051356   0.0382106
-0.0449683   0.0638773
-0.0363329   0.0863539
-0.0258813    0.104516
-0.0141357    0.117456
-0.00168342    0.124523
0.0108531    0.125365
0.0228469    0.119938
0.0336985    0.108516
0.0428655   0.0916699
0.0498899   0.0702437
0.0544208   0.0453091
0.056232   0.0181122
0.0552331 -0.00998902
0.051474  -0.0375915
0.0451422  -0.0633171
0.0365542  -0.0858806
0.0261388   -0.104154
0.0144167   -0.117222
0.0019737    -0.12443
-0.0105679   -0.125416
-0.0225812   -0.120133
-0.0334655   -0.108843
-0.0426768  -0.0921133
-0.049755  -0.0707814
-0.0543464  -0.0459142
-0.0562218  -0.0187543
-0.0552876  0.00934176
-0.0515905   0.0369715
-0.045315   0.0627553
-0.0367745    0.085405
-0.0263956    0.103788
-0.0146972    0.116984
-0.00226393    0.124333
0.0102825    0.125465
0.0223149    0.120324
0.0332316    0.109167
0.042487   0.0925543
0.0496187   0.0713172
0.0542705    0.046518
0.0562101    0.019396
0.0553407 -0.00869426
0.0517057  -0.0363505
0.0454865  -0.0621918
0.0369938  -0.0849272
0.0266518    -0.10342
0.0149774   -0.116744
0.0025541   -0.124233
-0.00999686    -0.12551
-0.022048   -0.120511
-0.0329968   -0.109488
-0.0422961  -0.0929928
-0.0494812   -0.071851
-0.0541932  -0.0471205
-0.056197  -0.0200372
-0.0553923  0.00804652
-0.0518195   0.0357285
-0.0456568   0.0616266
-0.0372121   0.0844471
-0.0269072    0.103049
-0.0152571    0.116501
-0.0028442    0.124129
0.00971092    0.125551
0.0217805    0.120696
0.0327611    0.109806
0.042104   0.0934288
0.0493423    0.072383
0.0541145   0.0477218
0.0561823   0.0206778
0.0554424 -0.00739857
0.0519319  -0.0351056
0.0458259  -0.0610598
0.0374294  -0.0839648
0.0271619   -0.102675
0.0155365   -0.116254
0.00313423   -0.124022
-0.00942471   -0.125589
-0.0215124   -0.120877
-0.0325246   -0.110122
-0.0419108  -0.0938623
-0.0492021   -0.072913
-0.0540343  -0.0483219
-0.0561661  -0.0213179
-0.0554911  0.00675042
-0.0520429   0.0344817
-0.0459937   0.0604914
-0.0376457   0.0834802
-0.0274159    0.102299
-0.0158154    0.116005
-0.00342417    0.123912
0.00913826    0.125624
0.0212438    0.121055
0.0322872    0.110434
0.0417165   0.0942933
0.0490606   0.0734411
0.0539527   0.0489206
0.0561484   0.0219574
0.0555382 -0.00610209
0.0521525  -0.0338569
0.0461604  -0.0599214
0.0378611  -0.0829934
