0.2           2
0.3     3.80133
0.394401    0.944012
0.483306    0.889047
0.566832    0.835259
0.64511    0.782787
0.718286    0.731759
0.786515    0.682286
0.849961    0.634458
0.908796     0.58835
0.963197    0.544016
1.01335    0.501492
1.05943    0.460798
1.10162    0.421939
1.14011    0.384906
1.17508     0.34968
1.2067    0.316229
1.23515    0.284516
1.2606    0.254494
1.28321    0.226112
1.30315    0.199314
1.32055    0.174042
1.33557    0.150234
1.34836    0.127828
1.35903    0.106761
1.36773   0.0869699
1.37457   0.0683911
1.37966   0.0509631
1.38313   0.0346249
1.38506   0.0193173
1.38556  0.00498259
1.38471 -0.00843506
1.38261  -0.0209895
1.37934  -0.0327326
1.37497  -0.0437142
1.36957  -0.0539818
1.36321  -0.0635812
1.35596  -0.0725557
1.34786  -0.0809469
1.33898  -0.0887941
1.32937  -0.0961348
1.31907   -0.103004
1.30813   -0.109437
1.29658   -0.115464
1.28447   -0.121115
1.27183    -0.12642
1.25869   -0.131405
1.24508   -0.136094
1.23103   -0.140513
1.21656   -0.144683
1.20169   -0.148625
1.18646   -0.152358
1.17087   -0.155902
1.15494   -0.159273
1.13869   -0.162486
1.12214   -0.165557
1.10529   -0.168498
1.08815   -0.171324
1.07075   -0.174044
1.05308   -0.176669
1.03516   -0.179209
1.017   -0.181672
0.998589   -0.184066
0.979949   -0.186397
0.961082   -0.188672
0.941992   -0.190895
0.922685   -0.193071
0.903165   -0.195203
0.883435   -0.197294
0.863501   -0.199346
0.843365    -0.20136
0.823031   -0.203338
0.802503   -0.205279
0.781785   -0.207182
0.76088   -0.209048
0.739793   -0.210874
0.718527   -0.212659
0.697087   -0.214399
0.675477   -0.216093
0.653704   -0.217737
0.631771   -0.219328
0.609685    -0.22086
0.587452   -0.222332
0.565078   -0.223737
0.542571   -0.225072
0.519938   -0.226332
0.497186   -0.227512
0.474326   -0.228606
0.451365   -0.229611
0.428313    -0.23052
0.40518   -0.231329
0.381976   -0.232033
0.358714   -0.232626
0.335403   -0.233105
0.312057   -0.233464
0.288687   -0.233698
0.265307   -0.233804
0.241929   -0.233777
0.218568   -0.233613
0.195237   -0.233309
0.171951    -0.23286
0.148724   -0.232265
0.125572   -0.231519
0.10251   -0.230621
0.0795536   -0.229567
0.0567179   -0.228357
0.0340192   -0.226987
0.0114734   -0.225458
-0.0109033   -0.223767
-0.0330947   -0.221914
-0.0550845   -0.219898
-0.0768564   -0.217719
-0.098394   -0.215377
-0.119681   -0.212872
-0.140702   -0.210205
-0.161439   -0.207376
-0.181878   -0.204387
-0.202002   -0.201238
-0.221795   -0.197931
-0.241242   -0.194468
-0.260327    -0.19085
-0.279035   -0.187078
-0.29735   -0.183156
-0.315259   -0.179084
-0.332745   -0.174866
-0.349796   -0.170504
-0.366395   -0.165999
-0.382531   -0.161355
-0.398188   -0.156574
-0.413354   -0.151659
-0.428016   -0.146612
-0.442159   -0.141437
-0.455773   -0.136135
-0.468844   -0.130711
-0.48136   -0.125166
-0.493311   -0.119505
-0.504684   -0.113729
-0.515468   -0.107843
-0.525653    -0.10185
-0.535228  -0.0957531
-0.544184  -0.0895556
-0.55251  -0.0832613
-0.560198  -0.0768739
-0.567237  -0.0703975
-0.573621  -0.0638359
-0.57934  -0.0571934
-0.584388  -0.0504745
-0.588756  -0.0436836
-0.592439  -0.0368257
-0.595429  -0.0299056
-0.597722  -0.0229286
-0.599312  -0.0159003
-0.600195 -0.00882628
-0.600366 -0.00171264
-0.599822  0.00543436
-0.598562   0.0126081
-0.596581   0.0198019
-0.593881   0.0270083
-0.590459   0.0342201
-0.586316   0.0414294
-0.581453   0.0486282
-0.575872    0.055808
-0.569576   0.0629603
-0.562568    0.070076
-0.554854   0.0771459
-0.546438   0.0841605
-0.537327     0.09111
-0.527528   0.0979844
-0.517051    0.104774
-0.505904    0.111467
-0.494099    0.118054
-0.481646    0.124524
-0.46856    0.130866
-0.454853     0.13707
-0.44054    0.143124
-0.425639    0.149017
-0.410165    0.154739
-0.394137    0.160279
-0.377574    0.165626
-0.360497     0.17077
-0.342927      0.1757
-0.324887    0.180406
-0.306399     0.18488
-0.287488    0.189111
-0.268179     0.19309
-0.248498     0.19681
-0.228471    0.200263
-0.208127     0.20344
-0.187494    0.206336
-0.166599    0.208943
-0.145474    0.211257
-0.124147    0.213272
-0.102648    0.214985
-0.081009    0.216391
-0.0592602    0.217488
-0.0374329    0.218273
-0.0155583    0.218746
0.00633226    0.218906
0.0282074    0.218752
0.0500359    0.218285
0.0717867    0.217507
0.0934287     0.21642
0.114931    0.215027
0.136264     0.21333
0.157398    0.211334
0.178302    0.209043
0.198948    0.206462
0.219308    0.203597
0.239353    0.200453
0.259057    0.197037
0.278393    0.193355
0.297334    0.189413
0.315856    0.185221
0.333934    0.180783
0.351545    0.176109
0.368666    0.171206
0.385274    0.166083
0.401349    0.160746
0.416869    0.155204
0.431816    0.149466
0.44617    0.143539
0.459913    0.137432
0.473028    0.131153
0.485499    0.124711
0.497311    0.118113
0.508447    0.111368
0.518896    0.104483
0.528643   0.0974681
0.537676   0.0903302
0.545983   0.0830777
0.553555   0.0757188
0.560381   0.0682618
0.566453   0.0607146
0.571761   0.0530857
0.5763   0.0453832
0.580061   0.0376156
0.58304   0.0297912
0.585232   0.0219185
0.586633   0.0140061
0.587239   0.0060629
0.587049 -0.00190235
0.586061 -0.00988059
0.584275  -0.0178626
0.581691  -0.0258391
0.578311  -0.0338004
0.574137  -0.0417369
0.569173  -0.0496386
0.563424  -0.0574954
0.556894   -0.065297
0.549591   -0.073033
0.541521  -0.0806926
0.532695  -0.0882651
0.523121  -0.0957394
0.51281   -0.103105
0.501775   -0.110349
0.490029   -0.117462
0.477586   -0.124432
0.464461   -0.131247
0.450672   -0.137896
0.436235   -0.144367
0.42117    -0.15065
0.405497   -0.156734
0.389236   -0.162606
0.37241   -0.168257
0.355043   -0.173675
0.337158   -0.178851
0.31878   -0.183775
0.299937   -0.188437
0.280654   -0.192828
0.26096   -0.196939
0.240884   -0.200763
0.220455   -0.204291
0.199703   -0.207518
0.178659   -0.210436
0.157355    -0.21304
0.135823   -0.215326
0.114094   -0.217288
0.0922014   -0.218924
0.0701783   -0.220232
0.0480574   -0.221208
0.0258722   -0.221853
0.00365574   -0.222164
-0.0185587   -0.222144
-0.040738   -0.221793
-0.0628493   -0.221113
-0.08486   -0.220106
-0.106738   -0.218776
-0.12845   -0.217127
-0.149967   -0.215162
-0.171255   -0.212888
-0.192286   -0.210309
-0.21303   -0.207432
-0.233456   -0.204264
-0.253537    -0.20081
-0.273245   -0.197079
-0.292553   -0.193078
-0.311434   -0.188816
-0.329864   -0.184299
-0.347818   -0.179537
-0.365272   -0.174539
-0.382203   -0.169312
-0.398589   -0.163865
-0.41441   -0.158208
-0.429645   -0.152349
-0.444275   -0.146297
-0.458281   -0.140061
-0.471646   -0.133649
-0.484353   -0.127072
-0.496387   -0.120336
-0.507732   -0.113452
-0.518375   -0.106428
-0.528302  -0.0992719
-0.537501  -0.0919932
-0.545961  -0.0846002
-0.553671  -0.0771014
-0.560622  -0.0695055
-0.566804   -0.061821
-0.57221  -0.0540564
-0.576832  -0.0462204
-0.580664  -0.0383215
-0.583701  -0.0303684
-0.585938    -0.02237
-0.587371   -0.014335
-0.587998 -0.00627243
-0.587818  0.00180865
-0.586828  0.00989902
-0.585029   0.0179893
-0.582422     0.02607
-0.579009   0.0341315
-0.574792   0.0421637
-0.569777   0.0501568
-0.563967   0.0581005
-0.557368   0.0659844
-0.549988   0.0737979
-0.541835   0.0815303
-0.532918   0.0891706
-0.523247   0.0967079
-0.512834    0.104131
-0.501691    0.111428
-0.489833    0.118589
-0.477272    0.125602
-0.464027    0.132454
-0.450113    0.139136
-0.43555    0.145635
-0.420356     0.15194
-0.404552    0.158041
-0.388159    0.163925
-0.371201    0.169583
-0.353701    0.175003
-0.335683    0.180177
-0.317174    0.185093
-0.2982    0.189742
-0.278788    0.194116
-0.258967    0.198206
-0.238767    0.202004
-0.218217    0.205502
-0.197347    0.208694
-0.17619    0.211574
-0.154776    0.214137
-0.133139    0.216377
-0.11131     0.21829
-0.0893222    0.219875
-0.0672095    0.221127
-0.0450049    0.222046
-0.0227419     0.22263
-0.000453958    0.222879
0.0218255    0.222795
0.0440632    0.222377
0.0662261    0.221629
0.0882814    0.220553
0.110197    0.219152
0.13194    0.217431
0.153479    0.215395
0.174784    0.213047
0.195824    0.210396
0.216568    0.207446
0.236988    0.204204
0.257056    0.200677
0.276744    0.196874
0.296024    0.192802
0.314871    0.188468
0.333259    0.183881
0.351164    0.179051
0.368562    0.173984
0.385431     0.16869
0.401749    0.163179
0.417495    0.157458
0.432649    0.151537
0.447191    0.145424
0.461104    0.139129
0.47437    0.132661
0.486973    0.126028
0.498897    0.119239
0.510127    0.112304
0.52065     0.10523
0.530453   0.0980269
0.539523   0.0907029
0.54785   0.0832668
0.555422    0.075727
0.562232   0.0680922
0.568269    0.060371
0.573526    0.052572
0.577996   0.0447038
0.581674    0.036775
0.584553   0.0287944
0.58663   0.0207708
0.587902    0.012713
0.588365  0.00463001
0.588018 -0.00346898
0.58686  -0.0115748
0.584893  -0.0196779
0.582116  -0.0277689
0.578532   -0.035838
0.574144  -0.0438752
0.568957  -0.0518706
0.562976  -0.0598138
0.556206  -0.0676944
0.548656  -0.0755019
0.540334  -0.0832253
0.531248  -0.0908538
0.521411  -0.0983763
0.510833   -0.105782
0.499527   -0.113059
0.487507   -0.120196
0.474789   -0.127181
0.461389   -0.134005
0.447323   -0.140654
0.432611   -0.147117
0.417273   -0.153384
0.401329   -0.159443
0.3848   -0.165284
0.367711   -0.170895
0.350084   -0.176266
0.331945   -0.181387
0.313321   -0.186249
0.294236   -0.190841
0.274721   -0.195156
0.254803   -0.199184
0.234511   -0.202918
0.213876   -0.206351
0.192928   -0.209476
0.171699   -0.212287
0.150221   -0.214779
0.128527   -0.216948
0.106648   -0.218789
0.0846179   -0.220299
0.0624702   -0.221477
0.0402381   -0.222321
0.0179551    -0.22283
-0.00434532   -0.223004
-0.0266297   -0.222844
-0.0488648   -0.222351
-0.0710175   -0.221528
-0.0930552   -0.220377
-0.114945   -0.218902
-0.136656   -0.217108
-0.158156      -0.215
-0.179414   -0.212581
-0.2004    -0.20986
-0.221085   -0.206841
-0.241438   -0.203533
-0.261432   -0.199941
-0.281039   -0.196074
-0.300233   -0.191939
-0.318988   -0.187545
-0.337278     -0.1829
-0.355079   -0.178012
-0.372368   -0.172891
-0.389122   -0.167545
-0.405321   -0.161982
-0.420942   -0.156212
-0.435966   -0.150244
-0.450375   -0.144087
-0.46415    -0.13775
-0.477274   -0.131241
-0.489731   -0.124569
-0.501505   -0.117744
-0.512583   -0.110773
-0.522949   -0.103667
-0.532593  -0.0964333
-0.541501  -0.0890806
-0.549663  -0.0816178
-0.557068  -0.0740534
-0.563707  -0.0663959
-0.569573  -0.0586541
-0.574657  -0.0508364
-0.578952  -0.0429515
-0.582453  -0.0350081
-0.585154  -0.0270149
-0.587052  -0.0189807
-0.588144  -0.0109145
-0.588426 -0.00282516
-0.587898  0.00527804
-0.58656   0.0133858
-0.584411   0.0214888
-0.581453   0.0295774
-0.577689   0.0376418
-0.573122   0.0456721
-0.567756   0.0536581
-0.561597   0.0615895
-0.554651    0.069456
-0.546927   0.0772467
-0.538431    0.084951
-0.529176   0.0925578
-0.51917    0.100056
-0.508427    0.107435
-0.496958    0.114682
-0.48478    0.121787
-0.471906    0.128738
-0.458353    0.135524
-0.44414    0.142133
-0.429285    0.148554
-0.413807    0.154776
-0.397728    0.160788
-0.38107    0.166578
-0.363857    0.172137
-0.346111    0.177453
-0.32786    0.182517
-0.309128     0.18732
-0.289943    0.191851
-0.270332    0.196102
-0.250326    0.200065
-0.229953    0.203732
-0.209243    0.207097
-0.188228    0.210152
-0.166939    0.212892
-0.145408    0.215312
-0.123667    0.217407
-0.101749    0.219174
-0.0796884     0.22061
-0.0575171    0.221713
-0.0352689    0.222482
-0.0129774    0.222915
0.00932394    0.223014
0.0316018    0.222778
0.0538229    0.222211
0.0759542    0.221314
0.0979632     0.22009
0.119817    0.218543
0.141485    0.216677
0.162935    0.214498
0.184136    0.212011
0.205058    0.209222
0.225672    0.206137
0.245948    0.202764
0.265859    0.199109
0.285377    0.195181
0.304476    0.190987
0.32313    0.186535
0.341313    0.181835
0.359002    0.176893
0.376174     0.17172
0.392807    0.166324
0.408878    0.160714
0.424368    0.154899
0.439257    0.148887
0.453526    0.142688
0.467157    0.136311
0.480133    0.129764
0.492439    0.123057
0.504058    0.116198
0.514978    0.109196
0.525184     0.10206
0.534664   0.0947982
0.543406   0.0874198
0.551399   0.0799331
0.558634   0.0723467
0.565101   0.0646693
0.570792   0.0569093
0.575699   0.0490755
0.579817   0.0411765
0.583139   0.0332209
0.585661   0.0252174
0.587378    0.017175
0.588288  0.00910258
0.588389  0.00100914
0.58768 -0.00709612
0.586159  -0.0152039
0.583829  -0.0233047
0.58069  -0.0313889
0.576745  -0.0394467
0.571999   -0.047468
0.566454  -0.0554429
0.560118  -0.0633608
0.552997  -0.0712114
0.545099  -0.0789838
0.536432  -0.0866673
0.527007  -0.0942509
0.516835   -0.101723
0.505927   -0.109074
0.494298    -0.11629
0.481962   -0.123362
0.468934   -0.130277
0.455232   -0.137024
0.440873   -0.143592
0.425876    -0.14997
0.410261   -0.156146
0.39405   -0.162109
0.377265   -0.167848
0.35993   -0.173353
0.342069   -0.178614
0.323707    -0.18362
0.304871   -0.188362
0.285587   -0.192831
0.265886   -0.197019
0.245794   -0.200916
0.225342   -0.204516
0.204561   -0.207812
0.183482   -0.210796
0.162135   -0.213465
0.140554   -0.215812
0.11877   -0.217834
0.0968177   -0.219527
0.0747288   -0.220889
0.0525371   -0.221917
0.0302761    -0.22261
0.00797921   -0.222969
-0.01432   -0.222992
-0.0365882   -0.222682
-0.0587922    -0.22204
-0.0808992    -0.22107
-0.102876   -0.219773
-0.124692   -0.218154
-0.146314   -0.216218
-0.167711   -0.213969
-0.188852   -0.211413
-0.209708   -0.208557
-0.230248   -0.205407
-0.250445    -0.20197
-0.270271   -0.198253
-0.289697   -0.194265
-0.308698   -0.190012
-0.327249   -0.185504
-0.345324   -0.180748
-0.362899   -0.175754
-0.379952   -0.170531
-0.396461   -0.165086
-0.412403   -0.159429
-0.42776   -0.153568
-0.442512   -0.147514
-0.456639   -0.141274
-0.470125   -0.134858
-0.482952   -0.128274
-0.495106   -0.121532
-0.50657   -0.114641
-0.51733   -0.107608
-0.527375   -0.100443
-0.53669  -0.0931541
-0.545265  -0.0857506
-0.553089  -0.0782407
-0.560152  -0.0706332
-0.566446  -0.0629364
-0.571962  -0.0551592
-0.576693  -0.0473099
-0.580633  -0.0393974
-0.583776  -0.0314303
-0.586118  -0.0234173
-0.587654  -0.0153674
-0.588383  -0.0072894
-0.588302 0.000807521
-0.587411  0.00891418
-0.585709   0.0170212
-0.583197   0.0251192
-0.579877   0.0331983
-0.575752   0.0412488
-0.570826   0.0492607
-0.565104   0.0572237
-0.558591   0.0651275
-0.551295   0.0729614
-0.543223   0.0807149
-0.534386    0.088377
-0.524792   0.0959366
-0.514454    0.103383
-0.503383    0.110704
-0.491595    0.117889
-0.479102    0.124927
-0.465921    0.131805
-0.45207    0.138513
-0.437566    0.145039
-0.422429    0.151373
-0.406679    0.157502
-0.390337    0.163416
-0.373427    0.169103
-0.355971    0.174555
-0.337995    0.179759
-0.319525    0.184707
-0.300586    0.189389
-0.281206    0.193795
-0.261415    0.197918
-0.24124     0.20175
-0.220711    0.205282
-0.199861    0.208508
-0.178718    0.211423
-0.157316     0.21402
-0.135687    0.216295
-0.113863    0.218243
-0.0918764    0.219862
-0.0697615    0.221149
-0.0475513    0.222102
-0.0252793     0.22272
-0.00297898    0.223003
0.0193162    0.222952
0.0415729    0.222567
0.0637581    0.221851
0.0858388    0.220807
0.107783    0.219438
0.129557    0.217747
0.151131    0.215741
0.172474    0.213423
0.193554    0.210799
0.214341    0.207877
0.234807    0.204661
0.254923    0.201161
0.274662    0.197383
0.293995    0.193334
0.312897    0.189023
0.331343    0.184459
0.349308    0.179649
0.366769    0.174603
0.383701    0.169329
0.400085    0.163836
0.415898    0.158132
0.431121    0.152228
0.445734    0.146131
0.459719    0.139851
0.473059    0.133396
0.485736    0.126776
0.497736        0.12
0.509044    0.113076
0.519645    0.106013
0.529527   0.0988191
0.538678   0.0915039
0.547085   0.0840758
0.554739   0.0765433
0.561631    0.068915
0.567751   0.0611995
0.573091   0.0534053
0.577646   0.0455412
0.581407   0.0376156
0.584371   0.0296374
0.586532   0.0216154
0.587888   0.0135584
0.588436  0.00547538
0.588173 -0.00262453
0.5871  -0.0107321
0.585216  -0.0188379
0.582523  -0.0269325
0.579022  -0.0350061
0.574718  -0.0430488
0.569613  -0.0510506
0.563712  -0.0590013
0.557023  -0.0668903
0.549553  -0.0747072
0.541309  -0.0824411
0.5323  -0.0900812
0.522539  -0.0976163
0.512035   -0.105035
0.500803   -0.112327
0.488855    -0.11948
0.476206   -0.126483
0.462874   -0.133324
0.448875   -0.139993
0.434227   -0.146477
0.41895   -0.152765
0.403066   -0.158847
0.386595   -0.164711
0.36956   -0.170346
0.351986   -0.175743
0.333897   -0.180891
0.315319    -0.18578
0.296278   -0.190401
0.276804   -0.194745
0.256924   -0.198803
0.236667   -0.202568
0.216064   -0.206032
0.195145   -0.209189
0.173942   -0.212033
0.152486   -0.214558
0.13081    -0.21676
0.108946   -0.218635
0.0869283   -0.220179
0.0647892   -0.221392
0.0425622    -0.22227
0.0202809   -0.222813
-0.00202113   -0.223021
-0.0243106   -0.222895
-0.0465541   -0.222436
-0.0687187   -0.221646
-0.0907716   -0.220528
-0.11268   -0.219087
-0.134413   -0.217325
-0.155938   -0.215248
-0.177224   -0.212861
-0.198241    -0.21017
-0.218959   -0.207181
-0.239349   -0.203901
-0.259383   -0.200338
-0.279032   -0.196498
-0.298271    -0.19239
-0.317074   -0.188022
-0.335414   -0.183402
-0.353268   -0.178538
-0.370612    -0.17344
-0.387423   -0.168116
-0.403681   -0.162575
-0.419363   -0.156826
-0.434451   -0.150877
-0.448925   -0.144738
-0.462767   -0.138418
-0.475959   -0.131926
-0.488486    -0.12527
-0.500332    -0.11846
-0.511483   -0.111504
-0.521924   -0.104411
-0.531643  -0.0971893
-0.540627  -0.0898481
-0.548867  -0.0823958
-0.556351  -0.0748411
-0.56307  -0.0671925
-0.569016  -0.0594586
-0.574181   -0.051648
-0.578558  -0.0437693
-0.582141  -0.0358312
-0.584925  -0.0278424
-0.586907  -0.0198118
-0.588081  -0.0117482
-0.588447 -0.00366055
-0.588003  0.00444188
-0.586748   0.0125499
-0.584683    0.020654
-0.581808   0.0287448
-0.578127   0.0368123
-0.573642   0.0448467
-0.568359    0.052838
-0.562281   0.0607757
-0.555416   0.0686495
-0.547771   0.0764487
-0.539355   0.0841625
-0.530177   0.0917801
-0.520248   0.0992902
-0.50958    0.106682
-0.498186    0.113943
-0.486079    0.121064
-0.473276    0.128031
-0.459793    0.134835
-0.445646    0.141463
-0.430856    0.147904
-0.415441    0.154147
-0.399423    0.160181
-0.382824    0.165995
-0.365666    0.171577
-0.347974    0.176919
-0.329773     0.18201
-0.311089     0.18684
-0.291949    0.191399
-0.272381     0.19568
-0.252414    0.199673
-0.232077    0.203371
-0.2114    0.206767
-0.190415    0.209854
-0.169152    0.212627
-0.147644     0.21508
-0.125923    0.217209
-0.104022     0.21901
-0.0819742     0.22048
-0.0598124    0.221618
-0.0375704    0.222421
-0.0152815    0.222888
0.00702062    0.223022
0.0293027    0.222821
0.0515314    0.222287
0.0736738    0.221424
0.0956971    0.220233
0.117569    0.218719
0.139258    0.216886
0.160732    0.214739
0.18196    0.212284
0.202913    0.209525
0.22356    0.206471
0.243872    0.203127
0.263822    0.199501
0.283382      0.1956
0.302526    0.191433
0.321226    0.187008
0.33946    0.182332
0.357201    0.177415
0.374428    0.172266
0.391117    0.166892
0.407247    0.161304
0.422798    0.155509
0.43775    0.149517
0.452084    0.143337
0.465781    0.136978
0.478826    0.130448
0.491202    0.123757
0.502893    0.116913
0.513886    0.109925
0.524166    0.102803
0.533721   0.0955536
0.54254   0.0881867
0.550611   0.0807107
0.557924   0.0731342
0.564471   0.0654657
0.570242   0.0577139
0.575231   0.0498872
0.579431   0.0419945
0.582835   0.0340443
0.58544   0.0260453
0.58724   0.0180065
0.588234  0.00993671
0.588418  0.00184498
0.587792 -0.00625951
0.586356  -0.0143675
0.584109  -0.0224695
0.581053  -0.0305558
0.577191  -0.0386168
0.572527  -0.0466425
0.567065  -0.0546226
0.56081  -0.0625469
0.55377  -0.0704049
0.545951  -0.0781859
0.537363  -0.0858791
0.528016  -0.0934735
0.51792   -0.100958
0.507088   -0.108321
0.495533   -0.115552
0.483269   -0.122639
0.470312   -0.129571
0.456678   -0.136336
0.442386   -0.142923
0.427454   -0.149321
0.411902   -0.155518
0.395751   -0.161504
0.379025   -0.167267
0.361745   -0.172796
0.343937   -0.178083
0.325625   -0.183116
0.306837   -0.187886
0.287598   -0.192383
0.267938     -0.1966
0.247886   -0.200528
0.22747   -0.204159
0.206721   -0.207486
0.185671   -0.210503
0.16435   -0.213205
0.142792   -0.215586
0.121028   -0.217641
0.0990907   -0.219368
0.0770143   -0.220764
0.0548316   -0.221827
0.0325762   -0.222555
0.0102815   -0.222947
-0.0120191   -0.223005
-0.0342921    -0.22273
-0.0565043   -0.222122
-0.0786228   -0.221185
-0.100615   -0.219922
-0.122449   -0.218336
-0.144092   -0.216432
-0.165513   -0.214215
-0.186683   -0.211691
-0.207569   -0.208866
-0.228144   -0.205746
-0.248377   -0.202338
-0.268242    -0.19865
-0.287711   -0.194689
-0.306758   -0.190463
-0.325356   -0.185981
-0.343481   -0.181251
-0.361109   -0.176281
-0.378217    -0.17108
-0.394783   -0.165658
-0.410785   -0.160022
-0.426203   -0.154182
-0.441018   -0.148148
-0.455211   -0.141926
-0.468763   -0.135528
-0.481659   -0.128961
-0.493883   -0.122235
-0.505419   -0.115359
-0.516253    -0.10834
-0.526372   -0.101188
-0.535763  -0.0939119
-0.544415  -0.0865198
-0.552317  -0.0790205
-0.559459  -0.0714226
-0.565833  -0.0637347
-0.571429  -0.0559654
-0.576241  -0.0481232
-0.580263  -0.0402168
-0.583489  -0.0322549
-0.585913  -0.0242462
-0.587533  -0.0161997
-0.588346 -0.00812416
-0.588349-2.87719e-05
-0.587541  0.00807732
-0.585922   0.0161848
-0.583494   0.0242841
-0.580257   0.0323656
-0.576215   0.0404196
-0.571372   0.0484359
-0.565731   0.0564044
-0.5593   0.0643148
-0.552084   0.0721565
-0.544092   0.0799187
-0.535333   0.0875907
-0.525817   0.0951615
-0.515555     0.10262
-0.50456    0.109954
-0.492844    0.117154
-0.480424    0.124207
-0.467313    0.131103
-0.45353    0.137829
-0.439093    0.144375
-0.42402    0.150728
-0.408332    0.156879
-0.392051    0.162815
-0.375198    0.168527
-0.357798    0.174003
-0.339874    0.179234
-0.321453    0.184208
-0.302562    0.188918
-0.283226    0.193353
-0.263476    0.197506
-0.243339    0.201368
-0.222846    0.204931
-0.202027     0.20819
-0.180913    0.211137
-0.159536    0.213767
-0.137929    0.216075
-0.116123    0.218057
-0.0941523     0.21971
-0.0720491    0.221031
-0.0498472    0.222019
-0.02758    0.222672
-0.00528108    0.222989
0.0170162    0.222973
0.0392784    0.222622
0.0614725    0.221941
0.0835655     0.22093
0.105525    0.219594
0.127319    0.217937
0.148915    0.215962
0.170282    0.213676
0.191391    0.211084
0.21221    0.208192
0.232711    0.205007
0.252864    0.201535
0.272643    0.197785
0.292019    0.193764
0.310967     0.18948
0.329461    0.184942
0.347477    0.180157
0.36499    0.175135
0.381979    0.169883
0.39842    0.164412
0.414293     0.15873
0.429578    0.152846
0.444255    0.146769
0.458305    0.140507
0.471712     0.13407
0.484459    0.127467
0.49653    0.120706
0.507909    0.113797
0.518584    0.106748
0.528541   0.0995673
0.537767   0.0922644
0.546252   0.0848475
0.553985   0.0773254
0.560955   0.0697066
0.567155   0.0619996
0.572577   0.0542132
0.577212   0.0463558
0.581056   0.0384362
0.584102   0.0304631
0.586347   0.0224452
0.587786   0.0143914
0.588417  0.00631061
0.588238 -0.00178798
0.587248 -0.00989519
0.585448  -0.0180017
0.582838  -0.0260978
0.579421   -0.034174
0.575199  -0.0422204
0.570176  -0.0502269
0.564358  -0.0581833
0.55775  -0.0660792
0.55036   -0.073904
0.542195   -0.081647
0.533265  -0.0892973
0.523581  -0.0968438
0.513153   -0.104275
0.501995   -0.111581
0.49012   -0.118749
0.477544   -0.125767
0.464281   -0.132626
0.45035   -0.139313
0.435768   -0.145816
0.420556   -0.152125
0.404733   -0.158229
0.388321   -0.164116
0.371344   -0.169776
0.353824   -0.175198
0.335787   -0.180371
0.317258   -0.185288
0.298264   -0.189937
0.278833   -0.194309
0.258994   -0.198397
0.238774   -0.202193
0.218205   -0.205689
0.197318   -0.208878
0.176142   -0.211754
0.154711   -0.214312
0.133056   -0.216548
0.111211   -0.218457
0.0892071   -0.220035
0.0670789   -0.221282
0.0448595   -0.222194
0.0225823   -0.222772
0.000280791   -0.223015
-0.0220115   -0.222923
-0.0442613   -0.222498
-0.0664356   -0.221743
-0.0885015   -0.220659
-0.110427    -0.21925
-0.132179   -0.217521
-0.153726   -0.215477
-0.175038   -0.213121
-0.196085   -0.210461
-0.216835   -0.207503
-0.23726   -0.204253
-0.257332   -0.200718
-0.277023   -0.196907
-0.296305   -0.192826
-0.315154   -0.188485
-0.333543    -0.18389
-0.351448   -0.179051
-0.368846   -0.173977
-0.385713   -0.168676
-0.402029   -0.163157
-0.417772   -0.157428
-0.432922     -0.1515
-0.44746   -0.145381
-0.461368   -0.139079
-0.474628   -0.132604
-0.487225   -0.125965
-0.499142    -0.11917
-0.510364   -0.112228
-0.520879   -0.105149
-0.530673  -0.0979404
-0.539734  -0.0906111
-0.548051  -0.0831699
-0.555614  -0.0756254
-0.562413  -0.0679861
-0.568439  -0.0602606
-0.573684  -0.0524575
-0.578143  -0.0445854
-0.581808   -0.036653
-0.584675  -0.0286691
-0.586739  -0.0206424
-0.587998  -0.0125817
-0.588447 -0.00449617
-0.588087  0.00360516
-0.586915    0.011713
-0.584934    0.019818
-0.582142   0.0279106
-0.578544    0.035981
-0.574142   0.0440193
-0.568941   0.0520154
-0.562945   0.0599592
-0.556161   0.0678401
-0.548596   0.0756475
-0.540259   0.0833706
-0.531159   0.0909986
-0.521307   0.0985203
-0.510715    0.105925
-0.499395      0.1132
-0.487361    0.120336
-0.474629    0.127319
-0.461215     0.13414
-0.447137    0.140787
-0.432412    0.147248
-0.417061    0.153512
-0.401104    0.159568
-0.384563    0.165405
-0.367462    0.171012
-0.349824    0.176379
-0.331674    0.181496
-0.313039    0.186353
-0.293945    0.190941
-0.27442    0.195251
-0.254493    0.199274
-0.234192    0.203003
-0.213549     0.20643
-0.192594     0.20955
-0.171359    0.212355
-0.149874    0.214842
-0.128174    0.217004
-0.10629    0.218839
-0.0842557    0.220344
-0.0621042    0.221516
-0.0398689    0.222353
-0.0175833    0.222856
0.00471903    0.223023
0.0270047    0.222857
0.0492405    0.222358
0.0713933    0.221528
0.0934304    0.220371
0.115319     0.21889
0.137028     0.21709
0.158526    0.214975
0.179781    0.212551
0.200764    0.209824
0.221443    0.206799
0.241792    0.203485
0.261781    0.199888
0.281382    0.196015
0.30057    0.191875
0.319317    0.187476
0.3376    0.182826
0.355393    0.177934
0.372674    0.172808
0.38942    0.167457
0.405609     0.16189
0.421221    0.156116
0.436235    0.150144
0.450633    0.143983
0.464397    0.137642
0.47751    0.131129
0.489956    0.124455
0.501719    0.117626
0.512784    0.110653
0.523138    0.103544
0.532769   0.0963074
0.541664   0.0889523
0.549813   0.0814872
0.557205   0.0739206
0.563831   0.0662612
0.569683   0.0585176
0.574753   0.0506983
0.579034   0.0428119
0.582521   0.0348673
0.585208   0.0268729
0.587092   0.0188378
0.588169   0.0107708
0.588437  0.00268093
0.587895 -0.00542268
0.586541  -0.0135307
0.584378  -0.0216338
0.581406  -0.0297222
0.577627  -0.0377863
0.573046   -0.045816
0.567666  -0.0538013
0.561492  -0.0617319
0.554533  -0.0695972
0.546794  -0.0773867
0.538285  -0.0850895
0.529016  -0.0926946
0.518996   -0.100191
0.50824   -0.107567
0.496758   -0.114812
0.484567   -0.121915
0.471681   -0.128863
0.458116   -0.135646
0.443891   -0.142252
0.429024    -0.14867
0.413535   -0.154888
0.397445   -0.160896
0.380777   -0.166682
0.363553   -0.172237
0.345799   -0.177549
0.327538   -0.182608
0.308797   -0.187406
0.289604   -0.191932
0.269986   -0.196178
0.249973   -0.200136
0.229593   -0.203798
0.208877   -0.207157
0.187857   -0.210206
0.166562   -0.212941
0.145027   -0.215355
0.123283   -0.217444
0.101362   -0.219205
0.0792984   -0.220636
0.0571252   -0.221732
0.0348757   -0.222495
0.0125835   -0.222922
-0.00971802   -0.223015
-0.0319954   -0.222774
-0.0542154     -0.2222
-0.0763451   -0.221297
-0.0983518   -0.220067
-0.120203   -0.218514
-0.141868   -0.216643
-0.163313   -0.214459
-0.18451   -0.211966
-0.205427   -0.209171
-0.226035   -0.206081
-0.246306   -0.202703
-0.26621   -0.199043
-0.285721    -0.19511
-0.304812   -0.190911
-0.323458   -0.186455
-0.341633    -0.18175
-0.359313   -0.176805
-0.376476   -0.171627
-0.393099   -0.166227
-0.40916   -0.160613
-0.424639   -0.154794
-0.439517   -0.148779
-0.453775   -0.142577
-0.467395   -0.136196
-0.480359   -0.129647
-0.492653   -0.122937
-0.50426   -0.116075
-0.515168   -0.109071
-0.525361   -0.101932
-0.534828  -0.0946684
-0.543556  -0.0872879
-0.551536  -0.0797993
-0.558757  -0.0722112
-0.565211  -0.0645321
-0.570888  -0.0567708
-0.575781  -0.0489357
-0.579885  -0.0410355
-0.583193   -0.033079
-0.5857  -0.0250747
-0.587403  -0.0170317
-0.588299 -0.00895876
-0.588386-0.000865001
-0.587662  0.00724041
-0.586127   0.0153482
-0.583782   0.0234488
-0.580629   0.0315326
-0.57667   0.0395898
-0.571909   0.0476105
-0.56635   0.0555844
-0.56   0.0635013
-0.552865   0.0713506
-0.544953   0.0791215
-0.536273   0.0868034
-0.526834   0.0943851
-0.516649    0.101856
-0.505728    0.109203
-0.494086    0.116418
-0.481738    0.123486
-0.468698    0.130399
-0.454984    0.137143
-0.440613    0.143708
-0.425605    0.150082
-0.409979    0.156254
-0.393758    0.162213
-0.376963    0.167948
-0.359618    0.173449
-0.341748    0.178705
-0.323377    0.183707
-0.304533    0.188444
-0.285242    0.192909
-0.265533    0.197091
-0.245434    0.200983
-0.224977    0.204578
-0.20419    0.207868
-0.183105    0.210847
-0.161754     0.21351
-0.140169    0.215852
-0.118382    0.217868
-0.0964267    0.219555
-0.0743357    0.220911
-0.0521424    0.221933
-0.0298804     0.22262
-0.00758319    0.222972
0.0147158     0.22299
0.0369832    0.222674
0.0591858    0.222026
0.0812908     0.22105
0.103265    0.219747
0.125078    0.218123
0.146696    0.216181
0.168088    0.213926
0.189225    0.211365
0.210075    0.208504
0.23061    0.205349
0.250801    0.201907
0.270619    0.198185
0.290039    0.194192
0.309032    0.189934
0.327574    0.185422
0.34564    0.180662
0.363207    0.175664
0.38025    0.170436
0.396749    0.164987
0.412682    0.159326
0.428028    0.153462
0.442768    0.147405
0.456885    0.141162
0.470359    0.134742
0.483174    0.128156
0.495315    0.121411
0.506767    0.114517
0.517515    0.107482
0.527547    0.100314
0.536849   0.0930236
0.545411   0.0856181
0.553222   0.0781064
0.560271   0.0704972
0.566551   0.0627989
0.572053   0.0550203
0.57677   0.0471699
0.580696   0.0392563
0.583825   0.0312883
0.586152   0.0232746
0.587675   0.0152241
0.588389  0.00714566
0.588294-0.000951514
0.587388 -0.00905827
0.585672  -0.0171652
0.583145  -0.0252629
0.579811  -0.0333417
0.575672  -0.0413916
0.570732  -0.0494027
0.564995  -0.0573647
0.558468  -0.0652673
0.551158     -0.0731
0.543073  -0.0808519
0.534222  -0.0885123
0.524615    -0.09607
0.514264   -0.103514
0.50318   -0.110833
0.491379   -0.118015
0.478874    -0.12505
0.465681   -0.131926
0.451818   -0.138631
0.437303   -0.145154
0.422154   -0.151483
0.406394   -0.157609
0.390042   -0.163519
0.373121   -0.169202
0.355657   -0.174649
0.337672   -0.179849
0.319192   -0.184792
0.300245   -0.189469
0.280858   -0.193871
0.261059   -0.197989
0.240878   -0.201815
0.220344   -0.205342
0.199488   -0.208563
0.17834   -0.211472
0.156934   -0.214063
0.135301   -0.216332
0.113473   -0.218275
0.0914846   -0.219888
0.0693677   -0.221169
0.0471561   -0.222116
0.0248833   -0.222728
0.00258281   -0.223005
-0.019712   -0.222948
-0.0419677   -0.222557
-0.0641513   -0.221836
-0.0862299   -0.220786
-0.108171   -0.219411
-0.129942   -0.217715
-0.151513   -0.215702
-0.17285   -0.213379
-0.193925    -0.21075
-0.214708   -0.207822
-0.235168   -0.204602
-0.255277   -0.201096
-0.275009   -0.197313
-0.294335    -0.19326
-0.313229   -0.188945
-0.331667   -0.184376
-0.349623   -0.179562
-0.367074   -0.174511
-0.383997   -0.169233
-0.400371   -0.163736
-0.416174   -0.158029
-0.431386   -0.152121
-0.445988   -0.146021
-0.459962   -0.139737
-0.47329    -0.13328
-0.485956   -0.126657
-0.497943   -0.119878
-0.509239   -0.112951
-0.519827   -0.105886
-0.529696  -0.0986902
-0.538833   -0.091373
-0.547228  -0.0839429
-0.554869  -0.0764086
-0.561746  -0.0687787
-0.567853  -0.0610617
-0.573179  -0.0532662
-0.577719  -0.0454009
-0.581467  -0.0374743
-0.584416  -0.0294953
-0.586564  -0.0214726
-0.587905   -0.013415
-0.588438 -0.00533162
-0.588161  0.00276851
-0.587074   0.0108761
-0.585176   0.0189819
-0.582468   0.0270761
-0.578953   0.0351493
-0.574634   0.0431914
-0.569515   0.0511924
-0.5636    0.059142
-0.556897   0.0670298
-0.549413   0.0748453
-0.541155   0.0825777
-0.532134    0.090216
-0.522359   0.0977492
-0.511842    0.105166
-0.500596    0.112455
-0.488636    0.119606
-0.475975    0.126606
-0.462631    0.133444
-0.44862    0.140109
-0.433961     0.14659
-0.418673    0.152875
-0.402778    0.158953
-0.386297    0.164813
-0.369252    0.170444
-0.351669    0.175837
-0.333571     0.18098
-0.314984    0.185864
-0.295936     0.19048
-0.276454    0.194819
-0.256567    0.198872
-0.236304    0.202632
-0.215695    0.206091
-0.194771    0.209242
-0.173563    0.212081
-0.152103      0.2146
-0.130423    0.216796
-0.108556    0.218665
-0.086536    0.220204
-0.064395     0.22141
-0.0421668    0.222282
-0.0198849    0.222819
0.00241727    0.223021
0.0247062    0.222889
0.0469486    0.222424
0.0691115    0.221629
0.0911621    0.220506
0.113068    0.219058
0.134797    0.217291
0.156318    0.215208
0.177599    0.212816
0.198611    0.210119
0.219324    0.207125
0.239708     0.20384
0.259735    0.200272
0.279378    0.196427
0.298609    0.192315
0.317403    0.187942
0.335735    0.183317
0.35358     0.17845
0.370915    0.173347
0.387717    0.168019
0.403964    0.162474
0.419636    0.156722
0.434713     0.15077
0.449176    0.144628
0.463007    0.138305
0.476188    0.131809
0.488703    0.125151
0.500536    0.118338
0.511674    0.111379
0.522103    0.104284
0.531809   0.0970599
0.54078   0.0897167
0.549007   0.0822625
0.556477    0.074706
0.563183   0.0670558
0.569115   0.0593205
0.574266   0.0515086
0.578629   0.0436288
0.582198   0.0356897
0.584968   0.0277001
0.586934   0.0196688
0.588095   0.0116047
0.588447  0.00351673
0.587988 -0.00458589
0.586719  -0.0126939
0.584639  -0.0207979
0.58175  -0.0288883
0.578054  -0.0369553
0.573556  -0.0449891
0.568258  -0.0529795
0.562166  -0.0609162
0.555287  -0.0687887
0.547629  -0.0765865
0.539199  -0.0842987
0.530007  -0.0919144
0.520065  -0.0994225
0.509384   -0.106812
0.497977   -0.114071
0.485858   -0.121189
0.473042   -0.128154
0.459547   -0.134954
0.445389   -0.141579
0.430587   -0.148017
0.415162   -0.154256
0.399133   -0.160286
0.382524   -0.166096
0.365356   -0.171675
0.347655   -0.177012
0.329445   -0.182098
0.310753   -0.186923
0.291605   -0.191478
0.27203   -0.195753
0.252056   -0.199741
0.231712   -0.203434
0.21103   -0.206824
0.190039   -0.209906
0.168772   -0.212673
0.14726   -0.215121
0.125536   -0.217244
0.103632   -0.219039
0.0815814   -0.220503
0.0594179   -0.221635
0.0371748   -0.222432
0.0148854   -0.222894
-0.00741669   -0.223021
-0.0296981   -0.222814
-0.0519256   -0.222275
-0.0740661   -0.221405
-0.096087   -0.220209
-0.117956    -0.21869
-0.139641   -0.216851
-0.161111   -0.214698
-0.182335   -0.212237
-0.203282   -0.209474
-0.223923   -0.206414
-0.24423   -0.203065
-0.264173   -0.199434
-0.283726   -0.195528
-0.302862   -0.191357
-0.321554   -0.186927
-0.339779   -0.182247
-0.357512   -0.177326
-0.374729   -0.172172
-0.391408   -0.166795
-0.407529   -0.161202
-0.423069   -0.155404
-0.43801   -0.149409
-0.452333   -0.143225
-0.466019   -0.136863
-0.479052    -0.13033
-0.491416   -0.123636
-0.503095    -0.11679
-0.514075     -0.1098
-0.524342   -0.102675
-0.533884  -0.0954237
-0.54269  -0.0880548
-0.550748   -0.080577
-0.558047  -0.0729987
-0.56458  -0.0653287
-0.570338  -0.0575755
-0.575313  -0.0497476
-0.579498  -0.0418537
-0.582888  -0.0339026
-0.585479  -0.0259028
-0.587265  -0.0178634
-0.588244 -0.00979314
-0.588414 -0.00170111
-0.587774  0.00640353
-0.586323   0.0145115
-0.584061   0.0226133
-0.580992   0.0306993
-0.577116   0.0387597
-0.572437   0.0467846
-0.566961   0.0547639
-0.560692   0.0626871
-0.553638   0.0705438
-0.545805   0.0783234
-0.537204   0.0860149
-0.527843   0.0936075
-0.517734     0.10109
-0.506889    0.108451
-0.495321    0.115679
-0.483045    0.122764
-0.470075    0.129693
-0.45643    0.136455
-0.442126    0.143039
-0.427183    0.149433
-0.41162    0.155626
-0.395459    0.161608
-0.378723    0.167367
-0.361433    0.172893
-0.343616    0.178174
-0.325296    0.183203
-0.306499    0.187968
-0.287253    0.192461
-0.267585    0.196672
-0.247526    0.200595
-0.227104    0.204221
-0.20635    0.207542
-0.185294    0.210554
-0.163969     0.21325
-0.142407    0.215625
-0.120639    0.217675
-0.0986997    0.219396
-0.0766211    0.220786
-0.0544369    0.221843
-0.0321804    0.222564
-0.00988527    0.222951
0.0124151    0.223003
0.0346873    0.222722
0.0568981    0.222108
0.0790147    0.221166
0.101004    0.219896
0.122835    0.218305
0.144474    0.216396
0.165892    0.214173
0.187056    0.211644
0.207937    0.208813
0.228506    0.205688
0.248734    0.202275
0.268592    0.198582
0.288053    0.194616
0.307092    0.190386
0.325682    0.185899
0.343798    0.181164
0.361417     0.17619
0.378516    0.170986
0.395072    0.165559
0.411064     0.15992
0.426472    0.154077
0.441275    0.148039
0.455457    0.141814
0.468998    0.135413
0.481883    0.128843
0.494094    0.122114
0.505617    0.115235
0.516439    0.108214
0.526545     0.10106
0.535923   0.0937815
0.544562   0.0863875
0.55245   0.0788864
0.559579   0.0712868
0.565939   0.0635974
0.571522   0.0558267
0.57632   0.0479832
0.580327   0.0400758
0.583539    0.032113
0.585949   0.0241036
0.587555   0.0160564
0.588353  0.00798051
0.588341-0.000115152
0.587519 -0.00822135
0.585886  -0.0163287
0.583443  -0.0244278
0.580193   -0.032509
0.576136  -0.0405623
0.571279  -0.0485779
0.565624  -0.0565455
0.559179  -0.0644547
0.551949  -0.0722951
0.543943  -0.0800558
0.535171  -0.0877261
0.525641   -0.095295
0.515366   -0.102751
0.504358   -0.110084
0.49263   -0.117281
0.480197   -0.124331
0.467074   -0.131224
0.45328   -0.137947
0.438831   -0.144489
0.423747   -0.150839
0.408048   -0.156986
0.391756   -0.162919
0.374894   -0.168626
0.357484   -0.174098
0.339551   -0.179324
0.321122   -0.184294
0.302222   -0.188999
0.282879    -0.19343
0.263121   -0.197577
0.242978   -0.201434
0.222479   -0.204992
0.201654   -0.208245
0.180536   -0.211186
0.159155    -0.21381
0.137543   -0.216113
0.115734   -0.218089
0.0937607   -0.219737
0.0716555   -0.221052
0.0494521   -0.222034
0.0271841    -0.22268
0.0048849   -0.222992
-0.017412   -0.222969
-0.0396733   -0.222613
-0.0618659   -0.221926
-0.0839568   -0.220909
-0.105914   -0.219568
-0.127704   -0.217904
-0.149296   -0.215924
-0.17066   -0.213633
-0.191763   -0.211035
-0.212577   -0.208138
-0.233072   -0.204947
-0.253219   -0.201471
-0.27299   -0.197716
-0.29236    -0.19369
-0.3113   -0.189402
-0.329786   -0.184859
-0.347793    -0.18007
-0.365297   -0.175043
-0.382276   -0.169788
-0.398707   -0.164313
-0.41457   -0.158627
-0.429844    -0.15274
-0.44451   -0.146659
-0.458549   -0.140394
-0.471945   -0.133954
-0.484679   -0.127348
-0.496738   -0.120585
-0.508105   -0.113673
-0.518767   -0.106621
-0.528711  -0.0994387
-0.537925  -0.0921336
-0.546396  -0.0847148
-0.554115  -0.0771909
-0.561072  -0.0695704
-0.567258   -0.061862
-0.572666  -0.0540742
-0.577287  -0.0462157
-0.581117  -0.0382951
-0.584149   -0.030321
-0.586379  -0.0223024
-0.587804   -0.014248
-0.588421 -0.00616689
-0.588227  0.00193194
-0.587224   0.0100392
-0.585409   0.0181456
-0.582785   0.0262415
-0.579353   0.0343173
-0.575117    0.042363
-0.57008   0.0503687
-0.564248   0.0583241
-0.557626   0.0662189
-0.550221   0.0740423
-0.542043   0.0817837
-0.5331   0.0894323
-0.523402   0.0969768
-0.512961    0.104406
-0.501791    0.111709
-0.489903    0.118875
-0.477314    0.125891
-0.464039    0.132746
-0.450096     0.13943
-0.435503     0.14593
-0.42028    0.152236
-0.404446    0.158335
-0.388024    0.164218
-0.371037    0.169874
-0.353508    0.175292
-0.335462    0.180461
-0.316925    0.185373
-0.297923    0.190017
-0.278484    0.194384
-0.258638    0.198467
-0.238412    0.202258
-0.217837    0.205748
-0.196944    0.208932
-0.175764    0.211802
-0.154328    0.214355
-0.13267    0.216585
-0.110821    0.218487
-0.088815     0.22006
-0.0666849    0.221301
-0.0444642    0.222208
-0.0221862    0.222779
0.000115369    0.223016
0.0224072    0.222918
0.044656    0.222488
0.0668286    0.221726
0.0888923    0.220637
0.110815    0.219222
0.132563    0.217488
0.154107    0.215438
0.175415    0.213077
0.196456    0.210411
0.217201    0.207448
0.23762    0.204193
0.257685    0.200653
0.277369    0.196837
0.296644    0.192751
0.315485    0.188405
0.333865    0.183806
0.351762    0.178963
0.36915    0.173885
0.386008     0.16858
0.402314    0.163057
0.418046    0.157325
0.433185    0.151393
0.447712     0.14527
0.461609    0.138965
0.474858    0.132487
0.487442    0.125845
0.499347    0.119048
0.510557    0.112104
0.52106    0.105022
0.530841   0.0978112
0.539889   0.0904799
0.548192   0.0830368
0.555741   0.0754905
0.562526   0.0678496
0.568539   0.0601226
0.57377   0.0523182
0.578215    0.044445
0.581866   0.0365116
0.584719   0.0285269
0.586769   0.0204994
0.588013   0.0124383
0.588448  0.00435237
0.588073 -0.00374915
0.586887   -0.011857
0.584891  -0.0199619
0.582086  -0.0280542
0.578473  -0.0361241
0.574057  -0.0441617
0.568841   -0.052157
0.562831  -0.0600997
0.556033  -0.0679794
0.548455  -0.0757854
0.540104   -0.083507
0.530991  -0.0911332
0.521126  -0.0986529
0.51052   -0.106055
0.499187   -0.113328
0.487141   -0.120461
0.474397   -0.127442
0.460971    -0.13426
0.446881   -0.140903
0.432144   -0.147361
0.416782   -0.153621
0.400815   -0.159674
0.384264   -0.165507
0.367153    -0.17111
0.349506   -0.176473
0.331348   -0.181585
0.312704   -0.186437
0.293602    -0.19102
0.274069   -0.195325
0.254135   -0.199343
0.233828   -0.203067
0.21318   -0.206489
0.192219   -0.209603
0.170979   -0.212402
0.149491   -0.214883
0.127787    -0.21704
0.1059   -0.218869
0.0838632   -0.220368
0.0617098   -0.221533
0.0394733   -0.222365
0.0171872   -0.222862
-0.00511514   -0.223023
-0.0274002   -0.222851
-0.0496348   -0.222346
-0.0717858    -0.22151
-0.0938206   -0.220348
-0.115707   -0.218861
-0.137412   -0.217055
-0.158906   -0.214935
-0.180156   -0.212505
-0.201134   -0.209773
-0.221808   -0.206743
-0.24215   -0.203424
-0.262132   -0.199821
-0.281727   -0.195944
-0.300907   -0.191799
-0.319646   -0.187396
-0.33792   -0.182741
-0.355705   -0.177845
-0.372976   -0.172715
-0.389712    -0.16736
-0.405891   -0.161789
-0.421493   -0.156012
-0.436496   -0.150037
-0.450883   -0.143872
-0.464636   -0.137528
-0.477737   -0.131012
-0.490171   -0.124335
-0.501921   -0.117504
-0.512974   -0.110528
-0.523316   -0.103416
-0.532933  -0.0961777
-0.541815  -0.0888206
-0.549951  -0.0813536
-0.557329  -0.0737853
-0.563942  -0.0661244
-0.56978  -0.0583793
-0.574836  -0.0505587
-0.579103  -0.0426713
-0.582575  -0.0347257
-0.585248  -0.0267305
-0.587118  -0.0186948
-0.588181  -0.0106273
-0.588434 -0.00253708
-0.587878  0.00556669
-0.58651   0.0136747
-0.584332   0.0217776
