0             0.25
0.0125         0.5
0.0243598    0.118598
0.0356273    0.112675
0.0463497    0.107224
0.056573    0.102233
0.0663419    0.097689
0.0756999     0.09358
0.084689   0.0898913
0.0933498   0.0866079
0.101721   0.0837135
0.10984   0.0811913
0.117743   0.0790239
0.125462   0.0771929
0.13303   0.0756799
0.140476   0.0744655
0.14783   0.0735304
0.155115   0.0728548
0.162357   0.0724186
0.169577   0.0722018
0.176795   0.0721843
0.18403   0.0723457
0.191297   0.0726661
0.198609   0.0731254
0.20598   0.0737039
0.213418   0.0743819
0.220932   0.0751404
0.228528   0.0759605
0.23621   0.0768235
0.243981   0.0777116
0.251842   0.0786073
0.259791   0.0794934
0.267827   0.0803536
0.275944    0.081172
0.284137   0.0819335
0.2924   0.0826234
0.300722    0.083228
0.309096    0.083734
0.317509   0.0841291
0.325949   0.0844014
0.334403     0.08454
0.342856   0.0845348
0.351294   0.0843762
0.3597   0.0840557
0.368056   0.0835652
0.376346   0.0828977
0.384551   0.0820468
0.392651   0.0810069
0.400629   0.0797731
0.408463   0.0783413
0.416134   0.0767082
0.423621   0.0748711
0.430903   0.0728281
0.437961    0.070578
0.444773   0.0681201
0.451319   0.0654548
0.457577   0.0625827
0.463528   0.0595052
0.46915   0.0562244
0.474424    0.052743
0.479331   0.0490641
0.48385   0.0451915
0.487963   0.0411296
0.491651   0.0368833
0.494897   0.0324579
0.497683   0.0278594
0.499992   0.0230941
0.501809   0.0181688
0.503118   0.0130909
0.503905   0.0078681
0.504156  0.00250851
0.503858 -0.00297928
0.502999 -0.00858633
0.501569  -0.0143033
0.499557  -0.0201205
0.496954  -0.0260279
0.493753  -0.0320151
0.489946  -0.0380715
0.485527   -0.044186
0.480492  -0.0503475
0.474838  -0.0565443
0.468561  -0.0627647
0.461662  -0.0689967
0.454139  -0.0752282
0.445994  -0.0814468
0.43723  -0.0876399
0.427851  -0.0937949
0.417861  -0.0998991
0.407267    -0.10594
0.396076   -0.111904
0.384299   -0.117779
0.371943   -0.123551
0.359022   -0.129209
0.345549   -0.134739
0.331536    -0.14013
0.316999   -0.145368
0.301955   -0.150442
0.286421   -0.155339
0.270416   -0.160049
0.25396    -0.16456
0.237074   -0.168861
0.219779   -0.172943
0.2021   -0.176794
0.184059   -0.180406
0.165682    -0.18377
0.146995   -0.186878
0.128022   -0.189722
0.108793   -0.192294
0.0893341    -0.19459
0.0696739   -0.196602
0.0498413   -0.198325
0.0298657   -0.199757
0.00977646   -0.200892
-0.0103964   -0.201728
-0.0306227   -0.202263
-0.0508722   -0.202496
-0.0711147   -0.202425
-0.0913197    -0.20205
-0.111457   -0.201373
-0.131496   -0.200394
-0.151408   -0.199116
-0.171162    -0.19754
-0.190729   -0.195671
-0.21008   -0.193511
-0.229187   -0.191066
-0.248021   -0.188339
-0.266554   -0.185335
-0.28476   -0.182061
-0.302613   -0.178523
-0.320085   -0.174725
-0.337153   -0.170676
-0.353791   -0.166382
-0.369976    -0.16185
-0.385685   -0.157087
-0.400895   -0.152101
-0.415585     -0.1469
-0.429734   -0.141491
-0.443322   -0.135883
-0.456331   -0.130083
-0.468741   -0.124099
-0.480535   -0.117941
-0.491696   -0.111614
-0.502209   -0.105129
-0.512058  -0.0984939
-0.52123  -0.0917162
-0.52971  -0.0848047
-0.537487  -0.0777679
-0.544549  -0.0706142
-0.550884  -0.0633522
-0.556483  -0.0559904
-0.561337  -0.0485376
-0.565437  -0.0410026
-0.568776  -0.0333941
-0.571348  -0.0257211
-0.573148  -0.0179926
-0.57417  -0.0102179
-0.57441 -0.00240628
-0.573867  0.00543283
-0.572538   0.0132898
-0.570422   0.0211549
-0.567521    0.029018
-0.563834   0.0368692
-0.559364   0.0446981
-0.554114   0.0524942
-0.54809   0.0602469
-0.541295   0.0679453
-0.533737   0.0755785
-0.525424   0.0831352
-0.516363   0.0906043
-0.506566   0.0979743
-0.496043    0.105234
-0.484806    0.112371
-0.472868    0.119374
-0.460245    0.126232
-0.446952    0.132933
-0.433005    0.139464
-0.418424    0.145816
-0.403226    0.151975
-0.387433    0.157932
-0.371066    0.163674
-0.354147     0.16919
-0.336699    0.174472
-0.318749    0.179507
-0.30032    0.184287
-0.28144    0.188801
-0.262136    0.193042
-0.242436       0.197
-0.222369    0.200668
-0.201965    0.204038
-0.181255    0.207104
-0.160269    0.209859
-0.139039    0.212299
-0.117597    0.214419
-0.0959753    0.216215
-0.0742069    0.217684
-0.0523245    0.218824
-0.0303612    0.219633
-0.00835018     0.22011
0.0136754    0.220256
0.0356824     0.22007
0.0576379    0.219555
0.0795091    0.218712
0.101264    0.217545
0.122869    0.216057
0.144295    0.214252
0.165508    0.212135
0.186479    0.209711
0.207178    0.206986
0.227574    0.203965
0.24764    0.200657
0.267347    0.197068
0.286667    0.193205
0.305575    0.189076
0.324044     0.18469
0.342049    0.180054
0.359567    0.175176
0.376573    0.170066
0.393047    0.164732
0.408965    0.159183
0.424308    0.153427
0.439055    0.147473
0.453188    0.141331
0.466689     0.13501
0.479541    0.128517
0.491727    0.121862
0.503232    0.115054
0.514042    0.108101
0.524144    0.101012
0.533523   0.0937961
0.542169   0.0864617
0.550071   0.0790173
0.557218   0.0714717
0.563602   0.0638334
0.569213   0.0561111
0.574044   0.0483134
0.578089   0.0404489
0.581342   0.0325266
0.583797    0.024555
0.585451   0.0165433
0.586301   0.0085003
0.586345 0.000435194
0.585581 -0.00764277
0.584008  -0.0157242
0.581628  -0.0237995
0.578442  -0.0318591
0.574453   -0.039893
0.569664  -0.0478911
0.56408  -0.0558432
0.557706   -0.063739
0.550549  -0.0715678
0.542617  -0.0793188
0.533919  -0.0869812
0.524465  -0.0945439
0.514265   -0.101996
0.503333   -0.109325
0.49168   -0.116521
0.479323   -0.123572
0.466276   -0.130467
0.452557   -0.137194
0.438183   -0.143741
0.423173   -0.150098
0.407548   -0.156252
0.391329   -0.162194
0.374537   -0.167912
0.357198   -0.173396
0.339334   -0.178635
0.320972   -0.183619
0.302139   -0.188339
0.28286   -0.192786
0.263165   -0.196951
0.243082   -0.200826
0.222642   -0.204404
0.201874   -0.207677
0.18081   -0.210639
0.159482   -0.213285
0.137921    -0.21561
0.11616   -0.217609
0.094232    -0.21928
0.07217   -0.220619
0.0500075   -0.221625
0.0277779   -0.222297
0.00551455   -0.222633
-0.016749   -0.222636
-0.0389795   -0.222305
-0.0611437   -0.221643
-0.0832089   -0.220652
-0.105142   -0.219335
-0.126912   -0.217697
-0.148486   -0.215742
-0.169834   -0.213475
-0.190924   -0.210902
-0.211727   -0.208029
-0.232213   -0.204862
-0.252354   -0.201409
-0.272122   -0.197676
-0.291489   -0.193673
-0.310429   -0.189406
-0.328918   -0.184884
-0.346929   -0.180116
-0.36444   -0.175109
-0.381428   -0.169873
-0.397869   -0.164417
-0.413744   -0.158749
-0.429032   -0.152878
-0.443713   -0.146814
-0.45777   -0.140565
-0.471184    -0.13414
-0.483939   -0.127549
-0.496019   -0.120799
-0.507409     -0.1139
-0.518095   -0.106861
-0.528064  -0.0996898
-0.537303  -0.0923956
-0.545802  -0.0849871
-0.553549  -0.0774728
-0.560536  -0.0698613
-0.566752  -0.0621612
-0.57219  -0.0543811
-0.576843  -0.0465297
-0.580704  -0.0386155
-0.583769  -0.0306472
-0.586032  -0.0226338
-0.587491   -0.014584
-0.588141 -0.00650689
-0.587983  0.00158853
-0.587013  0.00969299
-0.585234   0.0177971
-0.582644   0.0258914
-0.579248    0.033966
-0.575047   0.0420113
-0.570045    0.050017
-0.564248    0.057973
-0.557661   0.0658689
-0.550291   0.0736941
-0.542148   0.0814379
-0.533239   0.0890893
-0.523575   0.0966372
-0.513168    0.104071
-0.50203    0.111378
-0.490175    0.118549
-0.477618     0.12557
-0.464375    0.132432
-0.450463    0.139122
-0.4359     0.14563
-0.420706    0.151943
-0.4049    0.158051
-0.388506    0.163943
-0.371545    0.169607
-0.354042    0.175035
-0.336021    0.180214
-0.317507    0.185136
-0.298528    0.189791
-0.279111     0.19417
-0.259284    0.198265
-0.239078    0.202067
-0.218521     0.20557
-0.197644    0.208766
-0.176479     0.21165
-0.155057    0.214215
-0.133412    0.216458
-0.111574    0.218375
-0.0895779    0.219961
-0.0674563    0.221216
-0.0452427    0.222136
-0.0229705    0.222722
-0.000673306    0.222972
0.0216155    0.222888
0.0438627    0.222471
0.066035    0.221723
0.0880997    0.220647
0.110024    0.219247
0.131777    0.217525
0.153326    0.215488
0.17464     0.21314
0.195688    0.210487
0.216442    0.207536
0.236871    0.204293
0.256948    0.200765
0.276644     0.19696
0.295932    0.192885
0.314787     0.18855
0.333183    0.183961
0.351096    0.179128
0.368502    0.174059
0.385378    0.168763
0.401703    0.163249
0.417456    0.157526
0.432616    0.151602
0.447165    0.145487
0.461084     0.13919
0.474356    0.132719
0.486964    0.126084
0.498893    0.119293
0.510129    0.112354
0.520657    0.105278
0.530464   0.0980726
0.539539   0.0907461
0.547869   0.0833075
0.555446   0.0757654
0.562259   0.0681282
0.568299   0.0604047
0.573559   0.0526035
0.578033    0.044733
0.581713   0.0368021
0.584595   0.0288193
0.586674   0.0207936
0.587948   0.0127338
0.588413  0.00464891
0.588067 -0.00345197
0.586911  -0.0115596
0.584945  -0.0196645
0.582169  -0.0277572
0.578586   -0.035828
0.5742  -0.0438668
0.569013  -0.0518637
0.563033  -0.0598084
0.556263  -0.0676905
0.548714  -0.0754993
0.540391   -0.083224
0.531306  -0.0908538
0.521468  -0.0983776
0.51089   -0.105784
0.499583   -0.113062
0.487563     -0.1202
0.474845   -0.127187
0.461444   -0.134011
0.447377   -0.140661
0.432665   -0.147125
0.417326   -0.153393
0.40138   -0.159453
0.384851   -0.165294
0.36776   -0.170906
0.350133   -0.176278
0.331993   -0.181399
0.313366   -0.186261
0.294281   -0.190854
0.274764   -0.195169
0.254844   -0.199198
0.234551   -0.202932
0.213915   -0.206365
0.192966    -0.20949
0.171735   -0.212302
0.150256   -0.214794
0.12856   -0.216963
0.106679   -0.218804
0.0846479   -0.220315
0.0624986   -0.221492
0.040265   -0.222336
0.0179805   -0.222845
-0.00432135   -0.223019
-0.0266072   -0.222858
-0.0488437   -0.222365
-0.0709979   -0.221542
-0.093037   -0.220391
-0.114929   -0.218916
-0.136641   -0.217122
-0.158142   -0.215013
-0.179402   -0.212595
-0.200389   -0.209873
-0.221074   -0.206854
-0.241429   -0.203545
-0.261424   -0.199952
-0.281032   -0.196085
-0.300227    -0.19195
-0.318983   -0.187555
-0.337274    -0.18291
-0.355076   -0.178022
-0.372366     -0.1729
-0.389122   -0.167554
-0.405321   -0.161991
-0.420943    -0.15622
-0.435968   -0.150252
-0.450377   -0.144094
-0.464153   -0.137756
-0.477278   -0.131247
-0.489735   -0.124575
-0.50151   -0.117749
-0.512588   -0.110779
-0.522955   -0.103672
-0.532599  -0.0964378
-0.541507  -0.0890848
-0.54967  -0.0816216
-0.557075  -0.0740569
-0.563715  -0.0663991
-0.569581  -0.0586569
-0.574665  -0.0508389
-0.57896  -0.0429538
-0.582461  -0.0350101
-0.585163  -0.0270166
-0.587061  -0.0189821
-0.588153  -0.0109156
-0.588435 -0.00282611
-0.587907  0.00527732
-0.586569   0.0133854
-0.58442   0.0214886
-0.581462   0.0295773
-0.577698   0.0376419
-0.573131   0.0456724
-0.567765   0.0536586
-0.561606   0.0615902
-0.55466   0.0694568
-0.546936   0.0772477
-0.53844   0.0849521
-0.529184   0.0925591
-0.519179    0.100057
-0.508435    0.107436
-0.496967    0.114684
-0.484788    0.121789
-0.471914     0.12874
-0.458361    0.135526
-0.444148    0.142135
-0.429292    0.148556
-0.413814    0.154778
-0.397735     0.16079
-0.381077    0.166581
-0.363863    0.172139
-0.346118    0.177456
-0.327866     0.18252
-0.309134    0.187322
-0.289948    0.191853
-0.270338    0.196104
-0.250331    0.200067
-0.229958    0.203735
-0.209248    0.207099
-0.188232    0.210154
-0.166943    0.212894
-0.145411    0.215314
-0.123671    0.217409
-0.101753    0.219176
-0.0796917    0.220612
-0.0575201    0.221715
-0.0352717    0.222484
-0.01298    0.222917
0.00932156    0.223016
0.0315996     0.22278
0.0538209    0.222213
0.0759525    0.221316
0.0979616    0.220092
0.119816    0.218545
0.141484    0.216679
0.162934      0.2145
0.184135    0.212013
0.205058    0.209223
0.225671    0.206139
0.245948    0.202765
0.265859    0.199111
0.285377    0.195182
0.304476    0.190988
0.32313    0.186536
0.341313    0.181836
0.359003    0.176894
0.376175    0.171721
0.392807    0.166325
0.408879    0.160715
0.424369    0.154899
0.439258    0.148888
0.453526    0.142689
0.467158    0.136311
0.480134    0.129765
0.49244    0.123057
0.50406    0.116198
0.514979    0.109196
0.525185     0.10206
0.534665   0.0947986
0.543407   0.0874201
0.551401   0.0799334
0.558635   0.0723469
0.565102   0.0646695
0.570793   0.0569095
0.575701   0.0490757
0.579818   0.0411766
0.58314   0.0332209
0.585662   0.0252175
0.58738    0.017175
0.58829  0.00910255
0.588391  0.00100908
0.587681 -0.00709621
0.586161   -0.015204
0.58383  -0.0233048
0.580691   -0.031389
0.576747  -0.0394468
0.572  -0.0474682
0.566456  -0.0554431
0.56012  -0.0633611
0.552998  -0.0712116
0.5451  -0.0789841
0.536433  -0.0866676
0.527008  -0.0942512
0.516836   -0.101724
0.505928   -0.109074
0.494299   -0.116291
0.481963   -0.123362
0.468935   -0.130277
0.455233   -0.137025
0.440874   -0.143593
0.425877    -0.14997
0.410262   -0.156146
0.394051   -0.162109
0.377266   -0.167848
0.359931   -0.173353
0.34207   -0.178614
0.323708    -0.18362
0.304871   -0.188362
0.285588   -0.192832
0.265886   -0.197019
0.245795   -0.200916
0.225343   -0.204516
0.204562   -0.207812
0.183482   -0.210797
0.162136   -0.213465
0.140554   -0.215813
0.118771   -0.217835
0.096818   -0.219528
0.0747291   -0.220889
0.0525374   -0.221917
0.0302763   -0.222611
0.00797944   -0.222969
-0.0143198   -0.222992
-0.036588   -0.222682
-0.0587921   -0.222041
-0.0808991    -0.22107
-0.102876   -0.219773
-0.124692   -0.218154
-0.146314   -0.216218
-0.16771   -0.213969
-0.188852   -0.211414
-0.209708   -0.208557
-0.230248   -0.205407
-0.250445    -0.20197
-0.270271   -0.198253
-0.289697   -0.194265
-0.308698   -0.190012
-0.327249   -0.185504
-0.345324   -0.180749
-0.362899   -0.175755
-0.379952   -0.170531
-0.396461   -0.165086
-0.412404   -0.159429
-0.42776   -0.153568
-0.442512   -0.147514
-0.456639   -0.141274
-0.470125   -0.134858
-0.482952   -0.128274
-0.495106   -0.121532
-0.50657   -0.114641
-0.517331   -0.107608
-0.527375   -0.100443
-0.53669  -0.0931541
-0.545265  -0.0857506
-0.553089  -0.0782407
-0.560153  -0.0706332
-0.566446  -0.0629364
-0.571962  -0.0551592
-0.576693  -0.0473099
-0.580633  -0.0393974
-0.583776  -0.0314303
-0.586118  -0.0234173
-0.587654  -0.0153673
-0.588383 -0.00728937
-0.588303 0.000807549
-0.587411  0.00891421
-0.585709   0.0170213
-0.583197   0.0251192
-0.579877   0.0331984
-0.575752   0.0412489
-0.570826   0.0492607
-0.565104   0.0572237
-0.558591   0.0651275
-0.551295   0.0729615
-0.543224    0.080715
-0.534386    0.088377
-0.524792   0.0959367
-0.514454    0.103383
-0.503384    0.110704
-0.491595    0.117889
-0.479102    0.124927
-0.465921    0.131805
-0.45207    0.138513
-0.437566     0.14504
-0.422429    0.151373
-0.406679    0.157502
-0.390337    0.163416
-0.373427    0.169103
-0.355971    0.174555
-0.337996    0.179759
-0.319525    0.184707
-0.300586    0.189389
-0.281206    0.193795
-0.261415    0.197918
-0.24124     0.20175
-0.220711    0.205282
-0.199861    0.208508
-0.178718    0.211423
-0.157316     0.21402
-0.135687    0.216295
-0.113863    0.218243
-0.0918764    0.219862
-0.0697615    0.221149
-0.0475513    0.222102
-0.0252793     0.22272
-0.002979    0.223003
0.0193162    0.222952
0.0415729    0.222567
0.0637581    0.221852
0.0858388    0.220807
0.107783    0.219438
0.129557    0.217747
0.151131    0.215741
0.172474    0.213423
0.193554    0.210799
0.214341    0.207877
0.234807    0.204661
0.254923    0.201161
0.274662    0.197383
0.293995    0.193334
0.312897    0.189023
0.331343    0.184459
0.349308    0.179649
0.366769    0.174603
0.383702    0.169329
0.400085    0.163836
0.415898    0.158132
0.431121    0.152228
0.445734    0.146131
0.459719    0.139851
0.473059    0.133396
0.485736    0.126776
0.497736        0.12
0.509044    0.113076
0.519645    0.106013
0.529527   0.0988191
0.538678   0.0915039
0.547085   0.0840758
0.554739   0.0765433
0.561631    0.068915
0.567751   0.0611995
0.573091   0.0534053
0.577646   0.0455411
0.581407   0.0376156
0.584371   0.0296374
0.586532   0.0216154
0.587888   0.0135584
0.588436  0.00547538
0.588173 -0.00262453
0.5871  -0.0107321
0.585216  -0.0188379
0.582523  -0.0269325
0.579022  -0.0350061
0.574718  -0.0430488
0.569613  -0.0510506
0.563712  -0.0590013
0.557023  -0.0668903
0.549553  -0.0747072
0.541309  -0.0824411
0.5323  -0.0900812
0.522539  -0.0976164
0.512035   -0.105035
0.500803   -0.112327
0.488855    -0.11948
0.476206   -0.126483
0.462874   -0.133324
0.448875   -0.139993
0.434227   -0.146477
0.41895   -0.152765
0.403066   -0.158847
0.386595   -0.164711
0.36956   -0.170346
0.351986   -0.175743
0.333897   -0.180891
0.315319    -0.18578
0.296278   -0.190401
0.276804   -0.194745
0.256924   -0.198803
0.236667   -0.202568
0.216064   -0.206032
0.195145   -0.209189
0.173942   -0.212033
0.152486   -0.214558
0.13081    -0.21676
0.108946   -0.218635
0.0869283   -0.220179
0.0647892   -0.221392
0.0425622    -0.22227
0.0202809   -0.222813
-0.00202113   -0.223021
-0.0243106   -0.222895
-0.0465541   -0.222436
-0.0687187   -0.221646
-0.0907716   -0.220528
-0.11268   -0.219087
-0.134413   -0.217325
-0.155938   -0.215248
-0.177224   -0.212861
-0.198241    -0.21017
-0.218959   -0.207181
-0.239349   -0.203901
-0.259383   -0.200338
-0.279032   -0.196498
-0.298271    -0.19239
-0.317074   -0.188022
-0.335414   -0.183402
-0.353268   -0.178538
-0.370612    -0.17344
-0.387423   -0.168116
-0.403681   -0.162575
-0.419363   -0.156826
-0.434451   -0.150877
-0.448925   -0.144738
-0.462767   -0.138418
-0.475959   -0.131926
-0.488486    -0.12527
-0.500332    -0.11846
-0.511483   -0.111504
-0.521924   -0.104411
-0.531643  -0.0971893
-0.540628  -0.0898481
-0.548867  -0.0823958
-0.556351  -0.0748411
-0.56307  -0.0671925
-0.569016  -0.0594586
-0.574181   -0.051648
-0.578558  -0.0437693
-0.582141  -0.0358312
-0.584925  -0.0278424
-0.586907  -0.0198118
-0.588081  -0.0117482
-0.588447 -0.00366055
-0.588003  0.00444188
-0.586748   0.0125499
-0.584683    0.020654
-0.581808   0.0287448
-0.578127   0.0368123
-0.573642   0.0448467
-0.568359    0.052838
-0.562281   0.0607757
-0.555416   0.0686495
-0.547771   0.0764487
-0.539355   0.0841625
-0.530177   0.0917801
-0.520248   0.0992902
-0.50958    0.106682
-0.498186    0.113943
-0.486079    0.121064
-0.473276    0.128031
-0.459793    0.134835
-0.445646    0.141463
-0.430856    0.147904
-0.415441    0.154147
-0.399423    0.160181
-0.382824    0.165995
-0.365666    0.171577
-0.347974    0.176919
-0.329773     0.18201
-0.311089     0.18684
-0.291949    0.191399
-0.272381     0.19568
-0.252414    0.199673
-0.232077    0.203371
-0.2114    0.206767
-0.190415    0.209854
-0.169152    0.212627
-0.147644     0.21508
-0.125923    0.217209
-0.104022     0.21901
-0.0819742     0.22048
-0.0598124    0.221618
-0.0375704    0.222421
-0.0152815    0.222888
0.00702062    0.223022
0.0293027    0.222821
0.0515314    0.222287
0.0736738    0.221424
0.0956971    0.220233
0.117569    0.218719
0.139258    0.216886
0.160732    0.214739
0.18196    0.212284
0.202913    0.209525
0.22356    0.206471
0.243872    0.203127
0.263822    0.199501
0.283382      0.1956
0.302526    0.191433
0.321226    0.187008
0.33946    0.182332
0.357201    0.177415
0.374428    0.172266
0.391117    0.166892
0.407247    0.161304
0.422798    0.155509
0.43775    0.149517
0.452084    0.143337
0.465781    0.136978
0.478826    0.130448
0.491202    0.123757
0.502893    0.116913
0.513886    0.109925
0.524166    0.102803
0.533721   0.0955536
0.54254   0.0881867
0.550611   0.0807107
0.557924   0.0731342
0.564471   0.0654657
0.570242   0.0577139
0.575231   0.0498872
0.579431   0.0419945
0.582835   0.0340443
0.58544   0.0260453
0.58724   0.0180065
0.588234  0.00993671
0.588418  0.00184498
0.587792 -0.00625951
0.586356  -0.0143675
0.584109  -0.0224695
0.581053  -0.0305558
0.577191  -0.0386168
0.572527  -0.0466425
0.567065  -0.0546226
0.56081  -0.0625469
0.55377  -0.0704049
0.545951  -0.0781859
0.537363  -0.0858791
0.528016  -0.0934735
0.51792   -0.100958
0.507088   -0.108321
0.495533   -0.115552
0.483269   -0.122639
0.470312   -0.129571
0.456678   -0.136336
0.442386   -0.142923
0.427454   -0.149321
0.411902   -0.155518
0.395751   -0.161504
0.379025   -0.167267
0.361745   -0.172796
0.343937   -0.178083
0.325625   -0.183116
0.306837   -0.187886
0.287598   -0.192383
0.267938     -0.1966
0.247886   -0.200528
0.22747   -0.204159
0.206721   -0.207486
0.185671   -0.210503
0.16435   -0.213205
0.142792   -0.215586
0.121028   -0.217641
0.0990907   -0.219368
0.0770143   -0.220764
0.0548316   -0.221827
0.0325762   -0.222555
0.0102815   -0.222947
-0.0120191   -0.223005
-0.0342921    -0.22273
-0.0565043   -0.222122
-0.0786228   -0.221185
-0.100615   -0.219922
-0.122449   -0.218336
-0.144092   -0.216432
-0.165513   -0.214215
-0.186683   -0.211691
-0.207569   -0.208866
-0.228144   -0.205746
-0.248377   -0.202338
-0.268242    -0.19865
-0.287711   -0.194689
-0.306758   -0.190463
-0.325356   -0.185981
-0.343481   -0.181251
-0.361109   -0.176281
-0.378217    -0.17108
-0.394783   -0.165658
-0.410785   -0.160022
-0.426203   -0.154182
-0.441018   -0.148148
-0.455211   -0.141926
-0.468763   -0.135528
-0.481659   -0.128961
-0.493883   -0.122235
-0.505419   -0.115359
-0.516253    -0.10834
-0.526372   -0.101188
-0.535763  -0.0939119
-0.544415  -0.0865198
-0.552317  -0.0790205
-0.559459  -0.0714226
-0.565833  -0.0637347
-0.571429  -0.0559654
-0.576241  -0.0481232
-0.580263  -0.0402168
-0.583489  -0.0322549
-0.585913  -0.0242462
-0.587533  -0.0161997
-0.588346 -0.00812416
-0.588349-2.87718e-05
-0.587541  0.00807732
-0.585922   0.0161848
-0.583494   0.0242841
-0.580257   0.0323656
-0.576215   0.0404196
-0.571372   0.0484359
-0.565731   0.0564044
-0.5593   0.0643148
-0.552084   0.0721565
-0.544092   0.0799187
-0.535333   0.0875907
-0.525817   0.0951615
-0.515555     0.10262
-0.50456    0.109954
-0.492844    0.117154
-0.480424    0.124207
-0.467313    0.131103
-0.45353    0.137829
-0.439093    0.144375
-0.42402    0.150728
-0.408332    0.156879
-0.392051    0.162815
-0.375198    0.168527
-0.357798    0.174003
-0.339874    0.179234
-0.321453    0.184208
-0.302562    0.188918
-0.283226    0.193353
-0.263476    0.197506
-0.243339    0.201368
-0.222846    0.204931
-0.202027     0.20819
-0.180913    0.211137
-0.159536    0.213767
-0.137929    0.216075
-0.116123    0.218057
-0.0941523     0.21971
-0.0720491    0.221031
-0.0498472    0.222019
-0.02758    0.222672
-0.00528108    0.222989
0.0170162    0.222973
0.0392784    0.222622
0.0614725    0.221941
0.0835655     0.22093
0.105525    0.219594
0.127319    0.217937
0.148915    0.215962
0.170282    0.213676
0.191391    0.211084
0.21221    0.208192
0.232711    0.205007
0.252864    0.201535
0.272643    0.197785
0.292019    0.193764
0.310967     0.18948
0.329461    0.184942
0.347477    0.180157
0.36499    0.175135
0.381979    0.169883
0.39842    0.164412
0.414293     0.15873
0.429578    0.152846
0.444255    0.146769
0.458305    0.140507
0.471712     0.13407
0.484459    0.127467
0.49653    0.120706
0.507909    0.113797
0.518584    0.106748
0.528541   0.0995673
0.537767   0.0922644
0.546252   0.0848475
0.553985   0.0773254
0.560955   0.0697066
0.567155   0.0619996
0.572577   0.0542132
0.577212   0.0463558
0.581056   0.0384362
0.584102   0.0304631
0.586347   0.0224452
0.587786   0.0143914
0.588417  0.00631061
0.588238 -0.00178798
0.587248 -0.00989519
0.585448  -0.0180017
0.582838  -0.0260978
0.579421   -0.034174
0.575199  -0.0422204
0.570176  -0.0502269
0.564358  -0.0581833
0.55775  -0.0660792
0.55036   -0.073904
0.542195   -0.081647
0.533265  -0.0892973
0.523581  -0.0968438
0.513153   -0.104275
0.501995   -0.111581
0.49012   -0.118749
0.477544   -0.125767
0.464281   -0.132626
0.45035   -0.139313
0.435768   -0.145816
0.420556   -0.152125
0.404733   -0.158229
0.388321   -0.164116
0.371344   -0.169776
0.353824   -0.175198
0.335787   -0.180371
0.317258   -0.185288
0.298264   -0.189937
0.278833   -0.194309
0.258994   -0.198397
0.238774   -0.202193
0.218205   -0.205689
0.197318   -0.208878
0.176142   -0.211754
0.154711   -0.214312
0.133056   -0.216548
0.111211   -0.218457
0.0892071   -0.220035
0.0670789   -0.221282
0.0448595   -0.222194
0.0225823   -0.222772
0.000280791   -0.223015
-0.0220115   -0.222923
-0.0442613   -0.222498
-0.0664356   -0.221743
-0.0885015   -0.220659
-0.110427    -0.21925
-0.132179   -0.217521
-0.153726   -0.215477
-0.175038   -0.213121
-0.196085   -0.210461
-0.216835   -0.207503
-0.23726   -0.204253
-0.257332   -0.200718
-0.277023   -0.196907
-0.296305   -0.192826
-0.315154   -0.188485
-0.333543    -0.18389
-0.351448   -0.179051
-0.368846   -0.173977
-0.385713   -0.168676
-0.402029   -0.163157
-0.417772   -0.157428
-0.432922     -0.1515
-0.44746   -0.145381
-0.461368   -0.139079
-0.474628   -0.132604
-0.487225   -0.125965
-0.499142    -0.11917
-0.510364   -0.112228
-0.520879   -0.105149
-0.530673  -0.0979404
-0.539734  -0.0906111
-0.548051  -0.0831699
-0.555614  -0.0756254
-0.562413  -0.0679861
-0.568439  -0.0602606
-0.573684  -0.0524575
-0.578143  -0.0445854
-0.581808   -0.036653
-0.584675  -0.0286691
-0.586739  -0.0206424
-0.587998  -0.0125817
-0.588447 -0.00449617
-0.588087  0.00360516
-0.586915    0.011713
-0.584934    0.019818
-0.582142   0.0279106
-0.578544    0.035981
-0.574142   0.0440193
-0.568941   0.0520154
-0.562945   0.0599592
-0.556161   0.0678401
-0.548596   0.0756475
-0.540259   0.0833706
-0.531159   0.0909986
-0.521307   0.0985203
-0.510715    0.105925
-0.499395      0.1132
-0.487361    0.120336
-0.474629    0.127319
-0.461215     0.13414
-0.447137    0.140787
-0.432412    0.147248
-0.417061    0.153512
-0.401104    0.159568
-0.384563    0.165405
-0.367462    0.171012
-0.349824    0.176379
-0.331674    0.181496
-0.313039    0.186353
-0.293945    0.190941
-0.27442    0.195251
-0.254493    0.199274
-0.234192    0.203003
-0.213549     0.20643
-0.192594     0.20955
-0.171359    0.212355
-0.149874    0.214842
-0.128174    0.217004
-0.10629    0.218839
-0.0842557    0.220344
-0.0621042    0.221516
-0.0398689    0.222353
-0.0175833    0.222856
0.00471903    0.223023
0.0270047    0.222857
0.0492405    0.222358
0.0713933    0.221528
0.0934304    0.220371
0.115319     0.21889
0.137028     0.21709
0.158526    0.214975
0.179781    0.212551
0.200764    0.209824
0.221443    0.206799
0.241792    0.203485
0.261781    0.199888
0.281382    0.196015
0.30057    0.191875
0.319317    0.187476
0.3376    0.182826
0.355393    0.177934
0.372674    0.172808
0.38942    0.167457
0.405609     0.16189
0.421221    0.156116
0.436235    0.150144
0.450633    0.143983
0.464397    0.137642
0.47751    0.131129
0.489956    0.124455
0.501719    0.117626
0.512784    0.110653
0.523138    0.103544
0.532769   0.0963074
0.541664   0.0889523
0.549813   0.0814872
0.557205   0.0739206
0.563831   0.0662612
0.569683   0.0585176
0.574753   0.0506983
0.579034   0.0428119
0.582521   0.0348673
0.585208   0.0268729
0.587092   0.0188378
0.588169   0.0107708
0.588437  0.00268093
0.587895 -0.00542268
0.586541  -0.0135307
0.584378  -0.0216338
0.581406  -0.0297222
0.577627  -0.0377863
0.573046   -0.045816
0.567666  -0.0538013
0.561492  -0.0617319
0.554533  -0.0695972
0.546794  -0.0773867
0.538285  -0.0850895
0.529016  -0.0926946
0.518996   -0.100191
0.50824   -0.107567
0.496758   -0.114812
0.484567   -0.121915
0.471681   -0.128863
0.458116   -0.135646
0.443891   -0.142252
0.429024    -0.14867
0.413535   -0.154888
0.397445   -0.160896
0.380777   -0.166682
0.363553   -0.172237
0.345799   -0.177549
0.327538   -0.182608
0.308797   -0.187406
0.289604   -0.191932
0.269986   -0.196178
0.249973   -0.200136
0.229593   -0.203798
0.208877   -0.207157
0.187857   -0.210206
0.166562   -0.212941
0.145027   -0.215355
0.123283   -0.217444
0.101362   -0.219205
0.0792984   -0.220636
0.0571252   -0.221732
0.0348757   -0.222495
0.0125835   -0.222922
-0.00971802   -0.223015
-0.0319954   -0.222774
-0.0542154     -0.2222
-0.0763451   -0.221297
-0.0983518   -0.220067
-0.120203   -0.218514
-0.141868   -0.216643
-0.163313   -0.214459
-0.18451   -0.211966
-0.205427   -0.209171
-0.226035   -0.206081
-0.246306   -0.202703
-0.26621   -0.199043
-0.285721    -0.19511
-0.304812   -0.190911
-0.323458   -0.186455
-0.341633    -0.18175
-0.359313   -0.176805
-0.376476   -0.171627
-0.393099   -0.166227
-0.40916   -0.160613
-0.424639   -0.154794
-0.439517   -0.148779
-0.453775   -0.142577
-0.467395   -0.136196
-0.480359   -0.129647
-0.492653   -0.122937
-0.50426   -0.116075
-0.515168   -0.109071
-0.525361   -0.101932
-0.534828  -0.0946684
-0.543556  -0.0872879
-0.551536  -0.0797993
-0.558757  -0.0722112
-0.565211  -0.0645321
-0.570888  -0.0567708
-0.575781  -0.0489357
-0.579885  -0.0410355
-0.583193   -0.033079
-0.5857  -0.0250747
-0.587403  -0.0170317
-0.588299 -0.00895876
-0.588386-0.000865001
-0.587662  0.00724041
-0.586127   0.0153482
-0.583782   0.0234488
-0.580629   0.0315326
-0.57667   0.0395898
-0.571909   0.0476105
-0.56635   0.0555844
-0.56   0.0635013
-0.552865   0.0713506
-0.544953   0.0791215
-0.536273   0.0868034
-0.526834   0.0943851
-0.516649    0.101856
-0.505728    0.109203
-0.494086    0.116418
-0.481738    0.123486
-0.468698    0.130399
-0.454984    0.137143
-0.440613    0.143708
-0.425605    0.150082
-0.409979    0.156254
-0.393758    0.162213
-0.376963    0.167948
-0.359618    0.173449
-0.341748    0.178705
-0.323377    0.183707
-0.304533    0.188444
-0.285242    0.192909
-0.265533    0.197091
-0.245434    0.200983
-0.224977    0.204578
-0.20419    0.207868
-0.183105    0.210847
-0.161754     0.21351
-0.140169    0.215852
-0.118382    0.217868
-0.0964267    0.219555
-0.0743357    0.220911
-0.0521424    0.221933
-0.0298804     0.22262
-0.00758319    0.222972
0.0147158     0.22299
0.0369832    0.222674
0.0591858    0.222026
0.0812908     0.22105
0.103265    0.219747
0.125078    0.218123
0.146696    0.216181
0.168088    0.213926
0.189225    0.211365
0.210075    0.208504
0.23061    0.205349
0.250801    0.201907
0.270619    0.198185
0.290039    0.194192
0.309032    0.189934
0.327574    0.185422
0.34564    0.180662
0.363207    0.175664
0.38025    0.170436
0.396749    0.164987
0.412682    0.159326
0.428028    0.153462
0.442768    0.147405
0.456885    0.141162
0.470359    0.134742
0.483174    0.128156
0.495315    0.121411
0.506767    0.114517
0.517515    0.107482
0.527547    0.100314
0.536849   0.0930236
0.545411   0.0856181
0.553222   0.0781064
0.560271   0.0704972
0.566551   0.0627989
0.572053   0.0550203
0.57677   0.0471699
0.580696   0.0392563
0.583825   0.0312883
0.586152   0.0232746
0.587675   0.0152241
0.588389  0.00714566
0.588294-0.000951514
0.587388 -0.00905827
0.585672  -0.0171652
0.583145  -0.0252629
0.579811  -0.0333417
0.575672  -0.0413916
0.570732  -0.0494027
0.564995  -0.0573647
0.558468  -0.0652673
0.551158     -0.0731
0.543073  -0.0808519
0.534222  -0.0885123
0.524615    -0.09607
0.514264   -0.103514
0.50318   -0.110833
0.491379   -0.118015
0.478874    -0.12505
0.465681   -0.131926
0.451818   -0.138631
0.437303   -0.145154
0.422154   -0.151483
0.406394   -0.157609
0.390042   -0.163519
0.373121   -0.169202
0.355657   -0.174649
0.337672   -0.179849
0.319192   -0.184792
0.300245   -0.189469
0.280858   -0.193871
0.261059   -0.197989
0.240878   -0.201815
0.220344   -0.205342
0.199488   -0.208563
0.17834   -0.211472
0.156934   -0.214063
0.135301   -0.216332
0.113473   -0.218275
0.0914846   -0.219888
0.0693677   -0.221169
0.0471561   -0.222116
0.0248833   -0.222728
0.00258281   -0.223005
-0.019712   -0.222948
-0.0419677   -0.222557
-0.0641513   -0.221836
-0.0862299   -0.220786
-0.108171   -0.219411
-0.129942   -0.217715
-0.151513   -0.215702
-0.17285   -0.213379
-0.193925    -0.21075
-0.214708   -0.207822
-0.235168   -0.204602
-0.255277   -0.201096
-0.275009   -0.197313
-0.294335    -0.19326
-0.313229   -0.188945
-0.331667   -0.184376
-0.349623   -0.179562
-0.367074   -0.174511
-0.383997   -0.169233
-0.400371   -0.163736
-0.416174   -0.158029
-0.431386   -0.152121
-0.445988   -0.146021
-0.459962   -0.139737
-0.47329    -0.13328
-0.485956   -0.126657
-0.497943   -0.119878
-0.509239   -0.112951
-0.519827   -0.105886
-0.529696  -0.0986902
-0.538833   -0.091373
-0.547228  -0.0839429
-0.554869  -0.0764086
-0.561746  -0.0687787
-0.567853  -0.0610617
-0.573179  -0.0532662
-0.577719  -0.0454009
-0.581467  -0.0374743
-0.584416  -0.0294953
-0.586564  -0.0214726
-0.587905   -0.013415
-0.588438 -0.00533162
-0.588161  0.00276851
-0.587074   0.0108761
-0.585176   0.0189819
-0.582468   0.0270761
-0.578953   0.0351493
-0.574634   0.0431914
-0.569515   0.0511924
-0.5636    0.059142
-0.556897   0.0670298
-0.549413   0.0748453
-0.541155   0.0825777
-0.532134    0.090216
-0.522359   0.0977492
-0.511842    0.105166
-0.500596    0.112455
-0.488636    0.119606
-0.475975    0.126606
-0.462631    0.133444
-0.44862    0.140109
-0.433961     0.14659
-0.418673    0.152875
-0.402778    0.158953
-0.386297    0.164813
-0.369252    0.170444
-0.351669    0.175837
-0.333571     0.18098
-0.314984    0.185864
-0.295936     0.19048
-0.276454    0.194819
-0.256567    0.198872
-0.236304    0.202632
-0.215695    0.206091
-0.194771    0.209242
-0.173563    0.212081
-0.152103      0.2146
-0.130423    0.216796
-0.108556    0.218665
-0.086536    0.220204
-0.064395     0.22141
-0.0421668    0.222282
-0.0198849    0.222819
0.00241727    0.223021
0.0247062    0.222889
0.0469486    0.222424
0.0691115    0.221629
0.0911621    0.220506
0.113068    0.219058
0.134797    0.217291
0.156318    0.215208
0.177599    0.212816
0.198611    0.210119
0.219324    0.207125
0.239708     0.20384
0.259735    0.200272
0.279378    0.196427
0.298609    0.192315
0.317403    0.187942
0.335735    0.183317
0.35358     0.17845
0.370915    0.173347
0.387717    0.168019
0.403964    0.162474
0.419636    0.156722
0.434713     0.15077
0.449176    0.144628
0.463007    0.138305
0.476188    0.131809
0.488703    0.125151
0.500536    0.118338
0.511674    0.111379
0.522103    0.104284
0.531809   0.0970599
0.54078   0.0897167
0.549007   0.0822625
0.556477    0.074706
0.563183   0.0670558
0.569115   0.0593205
0.574266   0.0515086
0.578629   0.0436288
0.582198   0.0356897
0.584968   0.0277001
0.586934   0.0196688
0.588095   0.0116047
0.588447  0.00351673
0.587988 -0.00458589
0.586719  -0.0126939
0.584639  -0.0207979
0.58175  -0.0288883
0.578054  -0.0369553
0.573556  -0.0449891
0.568258  -0.0529795
0.562166  -0.0609162
0.555287  -0.0687887
0.547629  -0.0765865
0.539199  -0.0842987
0.530007  -0.0919144
0.520065  -0.0994225
0.509384   -0.106812
0.497977   -0.114071
0.485858   -0.121189
0.473042   -0.128154
0.459547   -0.134954
0.445389   -0.141579
0.430587   -0.148017
0.415162   -0.154256
0.399133   -0.160286
0.382524   -0.166096
0.365356   -0.171675
0.347655   -0.177012
0.329445   -0.182098
0.310753   -0.186923
0.291605   -0.191478
0.27203   -0.195753
0.252056   -0.199741
0.231712   -0.203434
0.21103   -0.206824
0.190039   -0.209906
0.168772   -0.212673
0.14726   -0.215121
0.125536   -0.217244
0.103632   -0.219039
0.0815814   -0.220503
0.0594179   -0.221635
0.0371748   -0.222432
0.0148854   -0.222894
-0.00741669   -0.223021
-0.0296981   -0.222814
-0.0519256   -0.222275
-0.0740661   -0.221405
-0.096087   -0.220209
-0.117956    -0.21869
-0.139641   -0.216851
-0.161111   -0.214698
-0.182335   -0.212237
-0.203282   -0.209474
-0.223923   -0.206414
-0.24423   -0.203065
-0.264173   -0.199434
-0.283726   -0.195528
-0.302862   -0.191357
-0.321554   -0.186927
-0.339779   -0.182247
-0.357512   -0.177326
-0.374729   -0.172172
-0.391408   -0.166795
-0.407529   -0.161202
-0.423069   -0.155404
-0.43801   -0.149409
-0.452333   -0.143225
-0.466019   -0.136863
-0.479052    -0.13033
-0.491416   -0.123636
-0.503095    -0.11679
-0.514075     -0.1098
-0.524342   -0.102675
-0.533884  -0.0954237
-0.54269  -0.0880548
-0.550748   -0.080577
-0.558047  -0.0729987
-0.56458  -0.0653287
-0.570338  -0.0575755
-0.575313  -0.0497476
-0.579498  -0.0418537
-0.582888  -0.0339026
-0.585479  -0.0259028
-0.587265  -0.0178634
-0.588244 -0.00979314
-0.588414 -0.00170111
-0.587774  0.00640353
-0.586323   0.0145115
-0.584061   0.0226133
-0.580992   0.0306993
-0.577116   0.0387597
-0.572437   0.0467846
-0.566961   0.0547639
-0.560692   0.0626871
-0.553638   0.0705438
-0.545805   0.0783234
-0.537204   0.0860149
-0.527843   0.0936075
-0.517734     0.10109
-0.506889    0.108451
-0.495321    0.115679
-0.483045    0.122764
-0.470075    0.129693
-0.45643    0.136455
-0.442126    0.143039
-0.427183    0.149433
-0.41162    0.155626
-0.395459    0.161608
-0.378723    0.167367
-0.361433    0.172893
-0.343616    0.178174
-0.325296    0.183203
-0.306499    0.187968
-0.287253    0.192461
-0.267585    0.196672
-0.247526    0.200595
-0.227104    0.204221
-0.20635    0.207542
-0.185294    0.210554
-0.163969     0.21325
-0.142407    0.215625
-0.120639    0.217675
-0.0986997    0.219396
-0.0766211    0.220786
-0.0544369    0.221843
-0.0321804    0.222564
-0.00988527    0.222951
0.0124151    0.223003
0.0346873    0.222722
0.0568981    0.222108
0.0790147    0.221166
0.101004    0.219896
0.122835    0.218305
0.144474    0.216396
0.165892    0.214173
0.187056    0.211644
0.207937    0.208813
0.228506    0.205688
0.248734    0.202275
0.268592    0.198582
0.288053    0.194616
0.307092    0.190386
0.325682    0.185899
0.343798    0.181164
0.361417     0.17619
0.378516    0.170986
0.395072    0.165559
0.411064     0.15992
0.426472    0.154077
0.441275    0.148039
0.455457    0.141814
0.468998    0.135413
0.481883    0.128843
0.494094    0.122114
0.505617    0.115235
0.516439    0.108214
0.526545     0.10106
0.535923   0.0937815
0.544562   0.0863875
0.55245   0.0788864
0.559579   0.0712868
0.565939   0.0635974
0.571522   0.0558267
0.57632   0.0479832
0.580327   0.0400758
0.583539    0.032113
0.585949   0.0241036
0.587555   0.0160564
0.588353  0.00798051
0.588341-0.000115152
0.587519 -0.00822135
0.585886  -0.0163287
0.583443  -0.0244278
0.580193   -0.032509
0.576136  -0.0405623
0.571279  -0.0485779
0.565624  -0.0565455
0.559179  -0.0644547
0.551949  -0.0722951
0.543943  -0.0800558
0.535171  -0.0877261
0.525641   -0.095295
0.515366   -0.102751
0.504358   -0.110084
0.49263   -0.117281
0.480197   -0.124331
0.467074   -0.131224
0.45328   -0.137947
0.438831   -0.144489
0.423747   -0.150839
0.408048   -0.156986
0.391756   -0.162919
0.374894   -0.168626
0.357484   -0.174098
0.339551   -0.179324
0.321122   -0.184294
0.302222   -0.188999
0.282879    -0.19343
0.263121   -0.197577
0.242978   -0.201434
0.222479   -0.204992
0.201654   -0.208245
0.180536   -0.211186
0.159155    -0.21381
0.137543   -0.216113
0.115734   -0.218089
0.0937607   -0.219737
0.0716555   -0.221052
0.0494521   -0.222034
0.0271841    -0.22268
0.0048849   -0.222992
-0.017412   -0.222969
-0.0396733   -0.222613
-0.0618659   -0.221926
-0.0839568   -0.220909
-0.105914   -0.219568
-0.127704   -0.217904
-0.149296   -0.215924
-0.17066   -0.213633
-0.191763   -0.211035
-0.212577   -0.208138
-0.233072   -0.204947
-0.253219   -0.201471
-0.27299   -0.197716
-0.29236    -0.19369
-0.3113   -0.189402
-0.329786   -0.184859
-0.347793    -0.18007
-0.365297   -0.175043
-0.382276   -0.169788
-0.398707   -0.164313
-0.41457   -0.158627
-0.429844    -0.15274
-0.44451   -0.146659
-0.458549   -0.140394
-0.471945   -0.133954
-0.484679   -0.127348
-0.496738   -0.120585
-0.508105   -0.113673
-0.518767   -0.106621
-0.528711  -0.0994387
-0.537925  -0.0921336
-0.546396  -0.0847148
-0.554115  -0.0771909
-0.561072  -0.0695704
-0.567258   -0.061862
-0.572666  -0.0540742
-0.577287  -0.0462157
-0.581117  -0.0382951
-0.584149   -0.030321
-0.586379  -0.0223024
-0.587804   -0.014248
-0.588421 -0.00616689
-0.588227  0.00193194
-0.587224   0.0100392
-0.585409   0.0181456
-0.582785   0.0262415
-0.579353   0.0343173
-0.575117    0.042363
-0.57008   0.0503687
-0.564248   0.0583241
-0.557626   0.0662189
-0.550221   0.0740423
-0.542043   0.0817837
-0.5331   0.0894323
-0.523402   0.0969768
-0.512961    0.104406
-0.501791    0.111709
-0.489903    0.118875
-0.477314    0.125891
-0.464039    0.132746
-0.450096     0.13943
-0.435503     0.14593
-0.42028    0.152236
-0.404446    0.158335
-0.388024    0.164218
-0.371037    0.169874
-0.353508    0.175292
-0.335462    0.180461
-0.316925    0.185373
-0.297923    0.190017
-0.278484    0.194384
-0.258638    0.198467
-0.238412    0.202258
-0.217837    0.205748
-0.196944    0.208932
-0.175764    0.211802
-0.154328    0.214355
-0.13267    0.216585
-0.110821    0.218487
-0.088815     0.22006
-0.0666849    0.221301
-0.0444642    0.222208
-0.0221862    0.222779
0.000115369    0.223016
0.0224072    0.222918
0.044656    0.222488
0.0668286    0.221726
0.0888923    0.220637
0.110815    0.219222
0.132563    0.217488
0.154107    0.215438
0.175415    0.213077
0.196456    0.210411
0.217201    0.207448
0.23762    0.204193
0.257685    0.200653
0.277369    0.196837
0.296644    0.192751
0.315485    0.188405
0.333865    0.183806
0.351762    0.178963
0.36915    0.173885
0.386008     0.16858
0.402314    0.163057
0.418046    0.157325
0.433185    0.151393
0.447712     0.14527
0.461609    0.138965
0.474858    0.132487
0.487442    0.125845
0.499347    0.119048
0.510557    0.112104
0.52106    0.105022
0.530841   0.0978112
0.539889   0.0904799
0.548192   0.0830368
0.555741   0.0754905
0.562526   0.0678496
0.568539   0.0601226
0.57377   0.0523182
0.578215    0.044445
0.581866   0.0365116
0.584719   0.0285269
0.586769   0.0204994
0.588013   0.0124383
0.588448  0.00435237
0.588073 -0.00374915
0.586887   -0.011857
0.584891  -0.0199619
0.582086  -0.0280542
0.578473  -0.0361241
0.574057  -0.0441617
0.568841   -0.052157
0.562831  -0.0600997
0.556033  -0.0679794
0.548455  -0.0757854
0.540104   -0.083507
0.530991  -0.0911332
0.521126  -0.0986529
0.51052   -0.106055
0.499187   -0.113328
0.487141   -0.120461
0.474397   -0.127442
0.460971    -0.13426
0.446881   -0.140903
0.432144   -0.147361
0.416782   -0.153621
0.400815   -0.159674
0.384264   -0.165507
0.367153    -0.17111
0.349506   -0.176473
0.331348   -0.181585
0.312704   -0.186437
0.293602    -0.19102
0.274069   -0.195325
0.254135   -0.199343
0.233828   -0.203067
0.21318   -0.206489
0.192219   -0.209603
0.170979   -0.212402
0.149491   -0.214883
0.127787    -0.21704
0.1059   -0.218869
0.0838632   -0.220368
0.0617098   -0.221533
0.0394733   -0.222365
0.0171872   -0.222862
-0.00511514   -0.223023
-0.0274002   -0.222851
-0.0496348   -0.222346
-0.0717858    -0.22151
-0.0938206   -0.220348
-0.115707   -0.218861
-0.137412   -0.217055
-0.158906   -0.214935
-0.180156   -0.212505
-0.201134   -0.209773
-0.221808   -0.206743
-0.24215   -0.203424
-0.262132   -0.199821
-0.281727   -0.195944
-0.300907   -0.191799
-0.319646   -0.187396
-0.33792   -0.182741
-0.355705   -0.177845
-0.372976   -0.172715
-0.389712    -0.16736
-0.405891   -0.161789
-0.421493   -0.156012
-0.436496   -0.150037
-0.450883   -0.143872
-0.464636   -0.137528
-0.477737   -0.131012
-0.490171   -0.124335
-0.501921   -0.117504
-0.512974   -0.110528
-0.523316   -0.103416
-0.532933  -0.0961777
-0.541815  -0.0888206
-0.549951  -0.0813536
-0.557329  -0.0737853
-0.563942  -0.0661244
-0.56978  -0.0583793
-0.574836  -0.0505587
-0.579103  -0.0426713
-0.582575  -0.0347257
-0.585248  -0.0267305
-0.587118  -0.0186948
-0.588181  -0.0106273
-0.588434 -0.00253708
-0.587878  0.00556669
-0.58651   0.0136747
-0.584332   0.0217776
